Phase	Pot%	Stack%	Check%	Bet%	Call%	Raise%	AvgBetAmt	AvgBetStdDev	AllIn%	Fold%	AvgFoldAmt	cluster
PREFLOP FLOP TURN RIVER	LOW MEDIUM	LOW HIGH MEDIUM	continuous	continuous	continuous	continuous	continuous	continuous	continuous	continuous	continuous	1 2 3 4 5
												class
FLOP	LOW	HIGH	1.000000000000000000	0.000000000000000000	0.000000000000000000	0.000000000000000000	0	0	0.0	0.000000000000000000	0	4
FLOP	LOW	HIGH	1.000000000000000000	0.000000000000000000	0.000000000000000000	0.000000000000000000	0	0	0.0	0.000000000000000000	0	4
FLOP	LOW	HIGH	1.000000000000000000	0.000000000000000000	0.000000000000000000	0.000000000000000000	0	0	0.0	0.000000000000000000	0	4
FLOP	LOW	HIGH	1.000000000000000000	0.000000000000000000	0.000000000000000000	0.000000000000000000	0	0	0.0	0.000000000000000000	0	4
FLOP	LOW	HIGH	1.000000000000000000	0.000000000000000000	0.000000000000000000	0.000000000000000000	0	0	0.0	0.000000000000000000	0	4
FLOP	LOW	HIGH	1.000000000000000000	0.000000000000000000	0.000000000000000000	0.000000000000000000	0	0	0.0	0.000000000000000000	0	4
FLOP	LOW	HIGH	1.000000000000000000	0.000000000000000000	0.000000000000000000	0.000000000000000000	0	0	0.0	0.000000000000000000	0	4
FLOP	LOW	HIGH	1.000000000000000000	0.000000000000000000	0.000000000000000000	0.000000000000000000	0	0	0.0	0.000000000000000000	0	4
FLOP	LOW	HIGH	1.000000000000000000	0.000000000000000000	0.000000000000000000	0.000000000000000000	0	0	0.0	0.000000000000000000	0	4
FLOP	LOW	HIGH	1.000000000000000000	0.000000000000000000	0.000000000000000000	0.000000000000000000	0	0	0.0	0.000000000000000000	0	4
FLOP	LOW	HIGH	1.000000000000000000	0.000000000000000000	0.000000000000000000	0.000000000000000000	0	0	0.0	0.000000000000000000	0	4
FLOP	LOW	HIGH	1.000000000000000000	0.000000000000000000	0.000000000000000000	0.000000000000000000	0	0	0.0	0.000000000000000000	0	4
FLOP	LOW	HIGH	1.000000000000000000	0.000000000000000000	0.000000000000000000	0.000000000000000000	0	0	0.0	0.000000000000000000	0	4
FLOP	LOW	HIGH	0.666666686534881590	0.000000000000000000	0.333333343267440800	0.000000000000000000	0.00456621	0	0.0	0.000000000000000000	0	4
FLOP	LOW	HIGH	1.000000000000000000	0.000000000000000000	0.000000000000000000	0.000000000000000000	0	0	0.0	0.000000000000000000	0	4
FLOP	LOW	HIGH	1.000000000000000000	0.000000000000000000	0.000000000000000000	0.000000000000000000	0	0	0.0	0.000000000000000000	0	4
FLOP	LOW	HIGH	1.000000000000000000	0.000000000000000000	0.000000000000000000	0.000000000000000000	0	0	0.0	0.000000000000000000	0	4
FLOP	LOW	HIGH	1.000000000000000000	0.000000000000000000	0.000000000000000000	0.000000000000000000	0	0	0.0	0.000000000000000000	0	4
FLOP	LOW	HIGH	1.000000000000000000	0.000000000000000000	0.000000000000000000	0.000000000000000000	0	0	0.0	0.000000000000000000	0	4
FLOP	LOW	HIGH	1.000000000000000000	0.000000000000000000	0.000000000000000000	0.000000000000000000	0	0	0.0	0.000000000000000000	0	4
FLOP	LOW	HIGH	1.000000000000000000	0.000000000000000000	0.000000000000000000	0.000000000000000000	0	0	0.0	0.000000000000000000	0	4
FLOP	LOW	HIGH	1.000000000000000000	0.000000000000000000	0.000000000000000000	0.000000000000000000	0	0	0.0	0.000000000000000000	0	4
FLOP	LOW	HIGH	1.000000000000000000	0.000000000000000000	0.000000000000000000	0.000000000000000000	0	0	0.0	0.000000000000000000	0	4
FLOP	LOW	HIGH	1.000000000000000000	0.000000000000000000	0.000000000000000000	0.000000000000000000	0	0	0.0	0.000000000000000000	0	4
FLOP	LOW	HIGH	1.000000000000000000	0.000000000000000000	0.000000000000000000	0.000000000000000000	0	0	0.0	0.000000000000000000	0	4
FLOP	LOW	HIGH	1.000000000000000000	0.000000000000000000	0.000000000000000000	0.000000000000000000	0	0	0.0	0.000000000000000000	0	4
FLOP	LOW	HIGH	1.000000000000000000	0.000000000000000000	0.000000000000000000	0.000000000000000000	0	0	0.0	0.000000000000000000	0	4
FLOP	LOW	HIGH	1.000000000000000000	0.000000000000000000	0.000000000000000000	0.000000000000000000	0	0	0.0	0.000000000000000000	0	4
FLOP	LOW	HIGH	1.000000000000000000	0.000000000000000000	0.000000000000000000	0.000000000000000000	0	0	0.0	0.000000000000000000	0	4
FLOP	LOW	HIGH	1.000000000000000000	0.000000000000000000	0.000000000000000000	0.000000000000000000	0	0	0.0	0.000000000000000000	0	4
FLOP	LOW	HIGH	1.000000000000000000	0.000000000000000000	0.000000000000000000	0.000000000000000000	0	0	0.0	0.000000000000000000	0	4
FLOP	LOW	HIGH	1.000000000000000000	0.000000000000000000	0.000000000000000000	0.000000000000000000	0	0	0.0	0.000000000000000000	0	4
FLOP	LOW	HIGH	1.000000000000000000	0.000000000000000000	0.000000000000000000	0.000000000000000000	0	0	0.0	0.000000000000000000	0	4
FLOP	LOW	HIGH	1.000000000000000000	0.000000000000000000	0.000000000000000000	0.000000000000000000	0	0	0.0	0.000000000000000000	0	4
FLOP	LOW	HIGH	1.000000000000000000	0.000000000000000000	0.000000000000000000	0.000000000000000000	0	0	0.0	0.000000000000000000	0	4
FLOP	LOW	HIGH	1.000000000000000000	0.000000000000000000	0.000000000000000000	0.000000000000000000	0	0	0.0	0.000000000000000000	0	4
FLOP	LOW	HIGH	1.000000000000000000	0.000000000000000000	0.000000000000000000	0.000000000000000000	0	0	0.0	0.000000000000000000	0	4
FLOP	LOW	HIGH	1.000000000000000000	0.000000000000000000	0.000000000000000000	0.000000000000000000	0	0	0.0	0.000000000000000000	0	4
FLOP	LOW	HIGH	0.000000000000000000	0.000000000000000000	1.000000000000000000	0.000000000000000000	0.0156863	0	0.0	0.000000000000000000	0	5
FLOP	LOW	HIGH	1.000000000000000000	0.000000000000000000	0.000000000000000000	0.000000000000000000	0	0	0.0	0.000000000000000000	0	4
FLOP	LOW	HIGH	1.000000000000000000	0.000000000000000000	0.000000000000000000	0.000000000000000000	0	0	0.0	0.000000000000000000	0	4
FLOP	LOW	HIGH	1.000000000000000000	0.000000000000000000	0.000000000000000000	0.000000000000000000	0	0	0.0	0.000000000000000000	0	4
FLOP	LOW	HIGH	1.000000000000000000	0.000000000000000000	0.000000000000000000	0.000000000000000000	0	0	0.0	0.000000000000000000	0	4
FLOP	LOW	HIGH	1.000000000000000000	0.000000000000000000	0.000000000000000000	0.000000000000000000	0	0	0.0	0.000000000000000000	0	4
FLOP	LOW	HIGH	1.000000000000000000	0.000000000000000000	0.000000000000000000	0.000000000000000000	0	0	0.0	0.000000000000000000	0	4
FLOP	LOW	HIGH	1.000000000000000000	0.000000000000000000	0.000000000000000000	0.000000000000000000	0	0	0.0	0.000000000000000000	0	4
FLOP	LOW	HIGH	0.666666686534881590	0.000000000000000000	0.333333343267440800	0.000000000000000000	0.0154273	0	0.0	0.000000000000000000	0	4
FLOP	LOW	HIGH	1.000000000000000000	0.000000000000000000	0.000000000000000000	0.000000000000000000	0	0	0.0	0.000000000000000000	0	4
FLOP	LOW	HIGH	1.000000000000000000	0.000000000000000000	0.000000000000000000	0.000000000000000000	0	0	0.0	0.000000000000000000	0	4
FLOP	LOW	HIGH	1.000000000000000000	0.000000000000000000	0.000000000000000000	0.000000000000000000	0	0	0.0	0.000000000000000000	0	4
FLOP	LOW	HIGH	1.000000000000000000	0.000000000000000000	0.000000000000000000	0.000000000000000000	0	0	0.0	0.000000000000000000	0	4
FLOP	LOW	HIGH	1.000000000000000000	0.000000000000000000	0.000000000000000000	0.000000000000000000	0	0	0.0	0.000000000000000000	0	4
FLOP	LOW	HIGH	1.000000000000000000	0.000000000000000000	0.000000000000000000	0.000000000000000000	0	0	0.0	0.000000000000000000	0	4
FLOP	LOW	HIGH	0.666666686534881590	0.000000000000000000	0.333333343267440800	0.000000000000000000	0.00998004	0	0.0	0.000000000000000000	0	4
FLOP	LOW	HIGH	1.000000000000000000	0.000000000000000000	0.000000000000000000	0.000000000000000000	0	0	0.0	0.000000000000000000	0	4
FLOP	LOW	HIGH	1.000000000000000000	0.000000000000000000	0.000000000000000000	0.000000000000000000	0	0	0.0	0.000000000000000000	0	4
FLOP	LOW	HIGH	1.000000000000000000	0.000000000000000000	0.000000000000000000	0.000000000000000000	0	0	0.0	0.000000000000000000	0	4
FLOP	LOW	HIGH	1.000000000000000000	0.000000000000000000	0.000000000000000000	0.000000000000000000	0	0	0.0	0.000000000000000000	0	4
FLOP	LOW	HIGH	1.000000000000000000	0.000000000000000000	0.000000000000000000	0.000000000000000000	0	0	0.0	0.000000000000000000	0	4
FLOP	LOW	HIGH	1.000000000000000000	0.000000000000000000	0.000000000000000000	0.000000000000000000	0	0	0.0	0.000000000000000000	0	4
FLOP	LOW	HIGH	0.666666686534881590	0.333333343267440800	0.000000000000000000	0.000000000000000000	0	0	0.0	0.000000000000000000	0	3
FLOP	LOW	HIGH	1.000000000000000000	0.000000000000000000	0.000000000000000000	0.000000000000000000	0	0	0.0	0.000000000000000000	0	4
FLOP	LOW	HIGH	1.000000000000000000	0.000000000000000000	0.000000000000000000	0.000000000000000000	0	0	0.0	0.000000000000000000	0	4
FLOP	LOW	HIGH	1.000000000000000000	0.000000000000000000	0.000000000000000000	0.000000000000000000	0	0	0.0	0.000000000000000000	0	4
FLOP	LOW	HIGH	1.000000000000000000	0.000000000000000000	0.000000000000000000	0.000000000000000000	0	0	0.0	0.000000000000000000	0	4
FLOP	LOW	HIGH	1.000000000000000000	0.000000000000000000	0.000000000000000000	0.000000000000000000	0	0	0.0	0.000000000000000000	0	4
FLOP	LOW	HIGH	1.000000000000000000	0.000000000000000000	0.000000000000000000	0.000000000000000000	0	0	0.0	0.000000000000000000	0	4
FLOP	LOW	HIGH	1.000000000000000000	0.000000000000000000	0.000000000000000000	0.000000000000000000	0	0	0.0	0.000000000000000000	0	4
FLOP	LOW	HIGH	1.000000000000000000	0.000000000000000000	0.000000000000000000	0.000000000000000000	0	0	0.0	0.000000000000000000	0	4
FLOP	LOW	HIGH	1.000000000000000000	0.000000000000000000	0.000000000000000000	0.000000000000000000	0	0	0.0	0.000000000000000000	0	4
FLOP	LOW	HIGH	1.000000000000000000	0.000000000000000000	0.000000000000000000	0.000000000000000000	0	0	0.0	0.000000000000000000	0	4
FLOP	LOW	HIGH	0.333333343267440800	0.000000000000000000	0.666666686534881590	0.000000000000000000	0.0190356	0.000167688	0.0	0.000000000000000000	0	1
FLOP	LOW	HIGH	1.000000000000000000	0.000000000000000000	0.000000000000000000	0.000000000000000000	0	0	0.0	0.000000000000000000	0	4
FLOP	LOW	HIGH	1.000000000000000000	0.000000000000000000	0.000000000000000000	0.000000000000000000	0	0	0.0	0.000000000000000000	0	4
FLOP	LOW	HIGH	1.000000000000000000	0.000000000000000000	0.000000000000000000	0.000000000000000000	0	0	0.0	0.000000000000000000	0	4
FLOP	LOW	HIGH	0.800000011920928960	0.000000000000000000	0.000000000000000000	0.000000000000000000	0	0	0.0	0.200000002980232240	0.00349638	2
