Phase	Pot%	Stack%	Check%	Bet%	Call%	Raise%	AvgBetAmt	AvgBetStdDev	AllIn%	Fold%	AvgFoldAmt	cluster
PREFLOP FLOP TURN RIVER	LOW MEDIUM	LOW HIGH MEDIUM	continuous	continuous	continuous	continuous	continuous	continuous	continuous	continuous	continuous	1 2
												class
PREFLOP	LOW	LOW	0.000000000000000000	0.000000000000000000	0.500000000000000000	0.000000000000000000	0.00182815	0	0.0	0.500000000000000000	0.000912825	1
PREFLOP	LOW	LOW	0.000000000000000000	0.200000002980232240	0.100000001490116120	0.000000000000000000	0.00064189	0.000539806	0.0	0.899999976158142090	0.00462303	2
PREFLOP	LOW	LOW	0.030303031206130981	0.242424249649047850	0.606060624122619630	0.000000000000000000	0.0022021	0.00208921	0.0	0.363636374473571780	0.00623373	1
PREFLOP	LOW	LOW	0.036363635212182999	0.290909081697463990	0.509090900421142580	0.036363635212182999	0.00319205	0.00375185	0.0	0.381818175315856930	0.0057709	1
PREFLOP	LOW	LOW	0.066666670143604279	0.266666680574417110	0.449999988079071040	0.050000000745058060	0.00251493	0.00287164	0.0	0.383333325386047360	0.00393204	1
PREFLOP	LOW	LOW	0.000000000000000000	0.500000000000000000	0.000000000000000000	0.000000000000000000	0.000556019	0	0.0	1.000000000000000000	0.00126127	2
PREFLOP	LOW	LOW	0.000000000000000000	0.000000000000000000	0.400000005960464480	0.000000000000000000	0.00383554	0.0032786	0.0	0.600000023841857910	0.00395732	2
PREFLOP	LOW	LOW	0.333333343267440800	0.333333343267440800	0.000000000000000000	0.000000000000000000	0.00106909	0.000267808	0.0	0.333333343267440800	0.0196692	2
PREFLOP	LOW	LOW	0.062992125749588013	0.236220479011535640	0.385826766490936280	0.023622047156095505	0.00414877	0.00807618	0.0	0.472440958023071290	0.00423897	1
PREFLOP	LOW	LOW	0.072463765740394592	0.144927531480789180	0.391304343938827510	0.000000000000000000	0.00361394	0.00381926	0.0	0.492753624916076660	0.00471226	1
PREFLOP	LOW	LOW	0.000000000000000000	0.500000000000000000	0.500000000000000000	0.000000000000000000	0.00145272	0.00102723	0.0	0.500000000000000000	0.0010582	1
PREFLOP	LOW	LOW	0.072727270424365997	0.181818187236785890	0.100000001490116120	0.045454546809196472	0.00403922	0.00661131	0.0	0.718181788921356200	0.00469482	2
PREFLOP	LOW	LOW	0.027272727340459824	0.154545456171035770	0.200000002980232240	0.072727270424365997	0.00341209	0.00344421	0.0	0.681818187236785890	0.0049197	2
PREFLOP	LOW	LOW	0.000000000000000000	0.000000000000000000	0.000000000000000000	0.000000000000000000	0	0	0.0	1.000000000000000000	0.0114375	2
PREFLOP	LOW	LOW	0.058823529630899429	0.176470592617988590	0.176470592617988590	0.000000000000000000	0.00275494	0.00361191	0.0	0.705882370471954350	0.00401755	2
PREFLOP	LOW	LOW	0.000000000000000000	0.500000000000000000	0.250000000000000000	0.000000000000000000	0.00122331	0.00143116	0.0	0.750000000000000000	0.00481909	2
PREFLOP	LOW	LOW	0.041666667908430099	0.145833328366279600	0.270833343267440800	0.000000000000000000	0.00259919	0.00249052	0.0	0.645833313465118410	0.00467914	2
PREFLOP	LOW	LOW	0.000000000000000000	0.000000000000000000	0.250000000000000000	0.000000000000000000	0.00749064	0	0.0	0.750000000000000000	0.00389251	2
PREFLOP	LOW	LOW	0.200000002980232240	0.200000002980232240	0.200000002980232240	0.000000000000000000	0.000834899	1.74264e-007	0.0	0.400000005960464480	0.00189423	2
PREFLOP	LOW	LOW	0.052631579339504242	0.315789461135864260	0.789473712444305420	0.000000000000000000	0.00573998	0.0200799	0.0	0.210526317358016970	0.00593657	1
PREFLOP	LOW	LOW	0.000000000000000000	0.111111111938953400	0.333333343267440800	0.000000000000000000	0.00135136	0.000335077	0.0	0.666666686534881590	0.00227038	2
PREFLOP	LOW	LOW	0.000000000000000000	0.333333343267440800	0.500000000000000000	0.166666671633720400	0.00538188	0.00510026	0.0	0.333333343267440800	0.00500656	1
PREFLOP	LOW	LOW	0.000000000000000000	0.000000000000000000	0.500000000000000000	0.000000000000000000	0.00453515	0	0.0	0.500000000000000000	0.00224215	1
PREFLOP	LOW	LOW	0.200000002980232240	0.200000002980232240	0.200000002980232240	0.000000000000000000	0.00509655	0.00384342	0.0	0.400000005960464480	0.00382396	2
PREFLOP	LOW	LOW	0.000000000000000000	0.000000000000000000	0.333333343267440800	0.000000000000000000	0.00224467	0	0.0	0.666666686534881590	0.00224341	2
PREFLOP	LOW	LOW	0.000000000000000000	0.250000000000000000	0.250000000000000000	0.000000000000000000	0.00227924	0.00161167	0.0	0.750000000000000000	0.00344716	2
PREFLOP	LOW	LOW	0.125000000000000000	0.250000000000000000	0.250000000000000000	0.000000000000000000	0.0077922	0.00490036	0.0	0.500000000000000000	0.00403731	2
PREFLOP	LOW	LOW	0.000000000000000000	0.000000000000000000	0.000000000000000000	0.000000000000000000	0	0	0.0	1.000000000000000000	0.00518628	2
PREFLOP	LOW	LOW	0.115384615957736970	0.192307695746421810	0.115384615957736970	0.000000000000000000	0.00296681	0.00298351	0.0	0.653846144676208500	0.00387993	2
PREFLOP	LOW	LOW	0.111111111938953400	0.222222223877906800	0.555555582046508790	0.111111111938953400	0.00670567	0.0107237	0.0	0.111111111938953400	0.00865651	1
PREFLOP	LOW	LOW	0.090909093618392944	0.181818187236785890	0.181818187236785890	0.090909093618392944	0.0133633	0.0103623	0.0	0.545454561710357670	0.00625948	2
PREFLOP	LOW	LOW	0.000000000000000000	0.000000000000000000	0.333333343267440800	0.000000000000000000	0.000421407	0	0.0	1.000000000000000000	0.00493637	2
PREFLOP	LOW	LOW	0.000000000000000000	1.000000000000000000	1.000000000000000000	0.000000000000000000	0.00231481	0.00163682	0.0	0.000000000000000000	0	1
PREFLOP	LOW	LOW	0.000000000000000000	0.166666671633720400	0.250000000000000000	0.000000000000000000	0.0027595	0.00287479	0.0	0.750000000000000000	0.00502613	2
PREFLOP	LOW	LOW	0.000000000000000000	0.066666670143604279	0.000000000000000000	0.000000000000000000	0.000555864	0	0.0	1.000000000000000000	0.00184565	2
PREFLOP	LOW	LOW	0.066666670143604279	0.400000005960464480	0.066666670143604279	0.000000000000000000	0.00176658	0.000993481	0.0	0.800000011920928960	0.00271342	2
PREFLOP	LOW	LOW	0.000000000000000000	0.000000000000000000	0.000000000000000000	0.000000000000000000	0	0	0.0	1.000000000000000000	0.0236486	2
PREFLOP	LOW	LOW	0.055555555969476700	0.166666671633720400	0.111111111938953400	0.000000000000000000	0.00251554	0.00284913	0.0	0.777777791023254390	0.00346737	2
PREFLOP	LOW	LOW	0.200000002980232240	0.200000002980232240	0.400000005960464480	0.000000000000000000	0.00162105	0.00124262	0.0	0.200000002980232240	0.000370989	1
PREFLOP	LOW	LOW	0.083333335816860199	0.250000000000000000	0.333333343267440800	0.000000000000000000	0.00264891	0.00100102	0.0	0.500000000000000000	0.00344541	2
PREFLOP	LOW	LOW	0.031250000000000000	0.218750000000000000	0.281250000000000000	0.000000000000000000	0.00385828	0.00867831	0.0	0.656250000000000000	0.00470594	2
PREFLOP	LOW	LOW	0.044444445520639420	0.211111113429069520	0.266666680574417110	0.044444445520639420	0.0042064	0.00609685	0.0	0.644444465637207030	0.00515274	2
PREFLOP	LOW	LOW	0.067796610295772552	0.254237294197082520	0.203389823436737060	0.000000000000000000	0.00242208	0.00257047	0.0	0.661016941070556640	0.00548412	2
PREFLOP	LOW	LOW	0.000000000000000000	0.500000000000000000	0.500000000000000000	0.000000000000000000	0.000744971	0.000526774	0.0	0.500000000000000000	0.00124224	1
PREFLOP	LOW	LOW	0.000000000000000000	0.571428596973419190	1.000000000000000000	0.000000000000000000	0.00282949	0.00382867	0.0	0.000000000000000000	0	1
PREFLOP	LOW	LOW	0.000000000000000000	0.000000000000000000	1.000000000000000000	0.000000000000000000	0.00542742	7.3642e-006	0.0	0.000000000000000000	0	1
PREFLOP	LOW	LOW	0.000000000000000000	0.000000000000000000	0.500000000000000000	0.000000000000000000	0.00369686	0	0.0	0.500000000000000000	0.0018315	1
PREFLOP	LOW	LOW	0.079999998211860657	0.280000001192092900	0.159999996423721310	0.000000000000000000	0.00496947	0.006088	0.0	0.680000007152557370	0.00566968	2
PREFLOP	LOW	LOW	0.166666671633720400	0.333333343267440800	0.000000000000000000	0.083333335816860199	0.00307154	0.000909018	0.0	0.583333313465118410	0.00314807	2
PREFLOP	LOW	LOW	0.125000000000000000	0.500000000000000000	0.375000000000000000	0.125000000000000000	0.0013836	0.00148738	0.0	0.250000000000000000	0.000836295	1
PREFLOP	LOW	LOW	0.000000000000000000	0.058823529630899429	0.058823529630899429	0.058823529630899429	0.00659977	0.00424147	0.0	0.882352948188781740	0.00432687	2
PREFLOP	LOW	LOW	0.000000000000000000	0.750000000000000000	0.250000000000000000	0.000000000000000000	0.00588419	0.00729025	0.0	0.750000000000000000	0.00310676	2
PREFLOP	LOW	LOW	0.076923079788684845	0.230769231915473940	0.269230782985687260	0.000000000000000000	0.00370893	0.00323609	0.0	0.576923072338104250	0.00201973	2
PREFLOP	LOW	LOW	0.125000000000000000	0.250000000000000000	0.250000000000000000	0.000000000000000000	0.00305799	0.0035116	0.0	0.500000000000000000	0.00464004	2
PREFLOP	LOW	LOW	0.114285714924335480	0.171428576111793520	0.057142857462167740	0.028571428731083870	0.0042377	0.00333287	0.0	0.685714304447174070	0.00210877	2
PREFLOP	LOW	LOW	0.039999999105930328	0.200000002980232240	0.439999997615814210	0.000000000000000000	0.00176597	0.00242922	0.0	0.560000002384185790	0.00477499	2
PREFLOP	LOW	LOW	0.000000000000000000	0.000000000000000000	0.222222223877906800	0.000000000000000000	0.00221849	0.00130795	0.0	0.777777791023254390	0.00571631	2
PREFLOP	LOW	LOW	0.066666670143604279	0.333333343267440800	0.533333361148834230	0.133333340287208560	0.00364975	0.00538337	0.0	0.200000002980232240	0.00196464	1
PREFLOP	LOW	LOW	0.166666671633720400	0.333333343267440800	0.166666671633720400	0.000000000000000000	0.00404737	0.00384187	0.0	0.500000000000000000	0.00137391	2
PREFLOP	LOW	LOW	0.057142857462167740	0.228571429848670960	0.285714298486709590	0.228571429848670960	0.00356453	0.00400497	0.0	0.400000005960464480	0.00487762	1
PREFLOP	LOW	LOW	0.000000000000000000	0.333333343267440800	1.000000000000000000	0.000000000000000000	0.0060315	0.00488691	0.0	0.000000000000000000	0	1
PREFLOP	LOW	LOW	0.000000000000000000	0.500000000000000000	1.000000000000000000	0.000000000000000000	0.00420682	0.00369894	0.0	0.000000000000000000	0	1
PREFLOP	LOW	LOW	0.057971015572547913	0.144927531480789180	0.086956523358821869	0.072463765740394592	0.00171796	0.00175385	0.0	0.739130437374114990	0.00519605	2
PREFLOP	LOW	LOW	0.171428576111793520	0.285714298486709590	0.285714298486709590	0.000000000000000000	0.00375507	0.00329305	0.0	0.371428579092025760	0.00361542	1
PREFLOP	LOW	LOW	0.047619048506021500	0.285714298486709590	0.333333343267440800	0.000000000000000000	0.00358457	0.00294806	0.0	0.571428596973419190	0.00305939	2
PREFLOP	LOW	LOW	0.000000000000000000	0.250000000000000000	0.000000000000000000	0.000000000000000000	0.000588581	0	0.0	1.000000000000000000	0.00238473	2
PREFLOP	LOW	LOW	0.088607594370841980	0.240506336092948910	0.531645596027374270	0.025316456332802773	0.00293245	0.00255296	0.0	0.303797453641891480	0.00555325	1
PREFLOP	LOW	LOW	0.068965516984462738	0.189655169844627380	0.310344815254211430	0.000000000000000000	0.00488468	0.00394526	0.0	0.551724135875701900	0.0040594	2
PREFLOP	LOW	LOW	0.000000000000000000	0.000000000000000000	0.000000000000000000	0.000000000000000000	0	0	0.0	1.000000000000000000	0.00358102	2
PREFLOP	LOW	LOW	0.092307694256305695	0.307692319154739380	0.307692319154739380	0.030769230797886848	0.00279684	0.00414721	0.0	0.476923078298568730	0.00357676	1
PREFLOP	LOW	LOW	0.000000000000000000	0.000000000000000000	0.000000000000000000	0.000000000000000000	0	0	0.0	1.000000000000000000	0.000911369	2
PREFLOP	LOW	LOW	0.052631579339504242	0.157894730567932130	0.070175439119338989	0.035087719559669495	0.0044758	0.00581269	0.0	0.824561417102813720	0.00435109	2
PREFLOP	LOW	LOW	0.000000000000000000	0.000000000000000000	0.400000005960464480	0.000000000000000000	0.00155062	0.00116571	0.0	0.800000011920928960	0.00406012	2
PREFLOP	LOW	LOW	0.000000000000000000	0.000000000000000000	0.000000000000000000	0.000000000000000000	0	0	0.0	1.000000000000000000	0.00510949	2
PREFLOP	LOW	LOW	0.166666671633720400	0.333333343267440800	0.333333343267440800	0.000000000000000000	0.0109974	0.0102401	0.0	0.333333343267440800	0.00957449	1
PREFLOP	LOW	LOW	0.130434781312942500	0.347826093435287480	0.434782594442367550	0.000000000000000000	0.0035563	0.00493941	0.0	0.304347813129425050	0.00219656	1
PREFLOP	LOW	LOW	0.100000001490116120	0.300000011920928960	0.400000005960464480	0.000000000000000000	0.00123697	0.00069455	0.0	0.500000000000000000	0.00324758	1
PREFLOP	LOW	LOW	0.000000000000000000	0.000000000000000000	1.000000000000000000	0.000000000000000000	0.00122288	0.000481005	0.0	0.000000000000000000	0	1
PREFLOP	LOW	LOW	0.057971015572547913	0.304347813129425050	0.362318843603134160	0.028985507786273956	0.00174601	0.00244752	0.0	0.536231875419616700	0.00228117	2
PREFLOP	LOW	LOW	0.187500000000000000	0.250000000000000000	0.187500000000000000	0.125000000000000000	0.00269826	0.00154177	0.0	0.312500000000000000	0.00129421	1
PREFLOP	LOW	LOW	0.027027027681469917	0.189189195632934570	0.405405402183532710	0.000000000000000000	0.0052081	0.00697214	0.0	0.540540516376495360	0.00424525	1
PREFLOP	LOW	LOW	0.000000000000000000	0.076923079788684845	0.307692319154739380	0.000000000000000000	0.00399933	0.00283198	0.0	0.692307710647583010	0.00534517	2
PREFLOP	LOW	LOW	0.111111111938953400	0.259259253740310670	0.296296298503875730	0.000000000000000000	0.00409768	0.00512589	0.0	0.518518507480621340	0.00573442	2
PREFLOP	LOW	LOW	0.090909093618392944	0.204545453190803530	0.250000000000000000	0.022727273404598236	0.00263909	0.00225517	0.0	0.568181812763214110	0.00264149	2
PREFLOP	LOW	LOW	0.142857149243354800	0.285714298486709590	0.142857149243354800	0.000000000000000000	0.00139658	0.00117681	0.0	0.571428596973419190	0.00616601	2
PREFLOP	LOW	LOW	0.000000000000000000	0.000000000000000000	0.500000000000000000	0.000000000000000000	0.00083647	0	0.0	0.500000000000000000	0.00423729	1
PREFLOP	LOW	LOW	0.000000000000000000	0.000000000000000000	0.000000000000000000	0.000000000000000000	0	0	0.0	1.000000000000000000	0.000357718	2
PREFLOP	LOW	LOW	0.000000000000000000	0.315789461135864260	0.631578922271728520	0.000000000000000000	0.00236872	0.00238104	0.0	0.368421047925949100	0.00281233	1
PREFLOP	LOW	LOW	0.000000000000000000	1.000000000000000000	0.000000000000000000	0.000000000000000000	0.000500375	0	0.0	1.000000000000000000	0.00330536	2
PREFLOP	LOW	LOW	0.000000000000000000	0.200000002980232240	0.000000000000000000	0.000000000000000000	0.000499545	0.00034327	0.0	1.000000000000000000	0.00361726	2
PREFLOP	LOW	LOW	0.036036036908626556	0.162162154912948610	0.288288295269012450	0.036036036908626556	0.00510217	0.00506531	0.0	0.603603601455688480	0.00445822	2
PREFLOP	LOW	LOW	0.250000000000000000	0.250000000000000000	0.000000000000000000	0.000000000000000000	0.0177515	0	0.0	0.500000000000000000	0.00436523	2
PREFLOP	LOW	LOW	0.000000000000000000	0.500000000000000000	0.500000000000000000	0.000000000000000000	0.00330266	0.00373763	0.0	0.500000000000000000	0.00136832	1
PREFLOP	LOW	LOW	0.000000000000000000	1.000000000000000000	0.000000000000000000	0.000000000000000000	0.00035727	0	0.0	1.000000000000000000	0.00740227	2
PREFLOP	LOW	LOW	0.142857149243354800	0.285714298486709590	0.428571432828903200	0.000000000000000000	0.00156489	0.00055861	0.0	0.285714298486709590	0.000417459	1
PREFLOP	LOW	LOW	0.000000000000000000	0.000000000000000000	1.000000000000000000	0.000000000000000000	0.00188323	0.00174889	0.0	0.000000000000000000	0	1
PREFLOP	LOW	LOW	0.056179776787757874	0.303370773792266850	0.393258422613143920	0.044943820685148239	0.00256771	0.00292624	0.0	0.494382023811340330	0.00332154	1
PREFLOP	LOW	LOW	0.000000000000000000	0.000000000000000000	0.333333343267440800	0.333333343267440800	0.00477132	0.00400061	0.0	0.333333343267440800	0.000771605	1
PREFLOP	LOW	LOW	0.100000001490116120	0.200000002980232240	0.050000000745058060	0.000000000000000000	0.00319267	0.00199254	0.0	0.750000000000000000	0.0053651	2
PREFLOP	LOW	LOW	0.500000000000000000	0.500000000000000000	0.000000000000000000	0.000000000000000000	0.0102041	0	0.0	0.000000000000000000	0	1
PREFLOP	LOW	LOW	0.000000000000000000	0.500000000000000000	1.000000000000000000	0.000000000000000000	0.000713514	0.000619621	0.0	0.000000000000000000	0	1
PREFLOP	LOW	LOW	0.000000000000000000	0.000000000000000000	1.000000000000000000	0.000000000000000000	0.000892061	0	0.0	0.000000000000000000	0	1
PREFLOP	LOW	LOW	0.000000000000000000	0.000000000000000000	1.000000000000000000	0.000000000000000000	0.000911369	0	0.0	0.000000000000000000	0	1
PREFLOP	LOW	LOW	0.000000000000000000	0.125000000000000000	0.000000000000000000	0.000000000000000000	0.00116077	0	0.0	1.000000000000000000	0.00350189	2
PREFLOP	LOW	LOW	0.000000000000000000	0.153846159577369690	0.230769231915473940	0.076923079788684845	0.00698487	0.0107465	0.0	0.692307710647583010	0.00416984	2
PREFLOP	LOW	LOW	0.079999998211860657	0.239999994635581970	0.100000001490116120	0.000000000000000000	0.00859445	0.0148032	0.0	0.740000009536743160	0.00373019	2
PREFLOP	LOW	LOW	0.000000000000000000	0.200000002980232240	0.500000000000000000	0.300000011920928960	0.0027098	0.00278433	0.0	0.200000002980232240	0.0042147	1
PREFLOP	LOW	LOW	0.108108110725879670	0.243243247270584110	0.243243247270584110	0.000000000000000000	0.00299858	0.00342967	0.0	0.540540516376495360	0.00351523	2
PREFLOP	LOW	LOW	0.075000002980232239	0.300000011920928960	0.524999976158142090	0.000000000000000000	0.00400181	0.00502956	0.0	0.349999994039535520	0.00538469	1
PREFLOP	LOW	LOW	0.041666667908430099	0.166666671633720400	0.500000000000000000	0.000000000000000000	0.00471982	0.00617574	0.0	0.416666656732559200	0.00236944	1
PREFLOP	LOW	LOW	0.111111111938953400	0.333333343267440800	0.277777791023254390	0.000000000000000000	0.00163351	0.00104535	0.0	0.500000000000000000	0.00562835	2
PREFLOP	LOW	LOW	0.103448279201984410	0.379310339689254760	0.413793116807937620	0.034482758492231369	0.00287417	0.00443206	0.0	0.344827592372894290	0.00703134	1
PREFLOP	LOW	LOW	0.072072073817253113	0.261261254549026490	0.189189195632934570	0.036036036908626556	0.00386873	0.00499864	0.0	0.666666686534881590	0.00491562	2
PREFLOP	LOW	LOW	0.000000000000000000	0.200000002980232240	0.500000000000000000	0.000000000000000000	0.00229586	0.00171516	0.0	0.500000000000000000	0.00303141	1
PREFLOP	LOW	LOW	0.125000000000000000	0.395833343267440800	0.416666656732559200	0.000000000000000000	0.0041083	0.00498996	0.0	0.333333343267440800	0.00497814	1
PREFLOP	LOW	LOW	0.086956523358821869	0.391304343938827510	0.434782594442367550	0.086956523358821869	0.00156029	0.00119485	0.0	0.304347813129425050	0.00358827	1
PREFLOP	LOW	LOW	0.000000000000000000	1.000000000000000000	0.000000000000000000	0.000000000000000000	0.00167084	0	0.0	1.000000000000000000	0.00602929	2
PREFLOP	LOW	LOW	0.000000000000000000	0.200000002980232240	0.200000002980232240	0.000000000000000000	0.000476588	1.70352e-007	0.0	1.000000000000000000	0.00391348	2
PREFLOP	LOW	LOW	0.333333343267440800	0.333333343267440800	0.000000000000000000	0.000000000000000000	0.00578035	0	0.0	0.333333343267440800	0.00777091	2
PREFLOP	LOW	LOW	0.076923079788684845	0.461538463830947880	0.615384638309478760	0.076923079788684845	0.00350723	0.00376416	0.0	0.153846159577369690	0.00085713	1
PREFLOP	LOW	LOW	0.000000000000000000	0.000000000000000000	0.400000005960464480	0.200000002980232240	0.00151814	0.00143907	0.0	0.600000023841857910	0.00553152	2
PREFLOP	LOW	LOW	0.057377047836780548	0.241803273558616640	0.225409835577011110	0.040983606129884720	0.00452406	0.00621914	0.0	0.635245919227600100	0.00444121	2
PREFLOP	LOW	LOW	0.000000000000000000	0.210526317358016970	0.578947365283966060	0.052631579339504242	0.00248347	0.00277682	0.0	0.368421047925949100	0.00565264	1
PREFLOP	LOW	LOW	0.016666667535901070	0.183333337306976320	0.183333337306976320	0.016666667535901070	0.00296575	0.00363976	0.0	0.766666650772094730	0.00522781	2
PREFLOP	LOW	LOW	0.072164945304393768	0.216494843363761900	0.226804122328758240	0.000000000000000000	0.00220575	0.00281846	0.0	0.639175236225128170	0.00472501	2
PREFLOP	LOW	LOW	0.028571428731083870	0.157142862677574160	0.257142871618270870	0.014285714365541935	0.00505087	0.00721085	0.0	0.671428561210632320	0.00360591	2
PREFLOP	LOW	LOW	0.066666670143604279	0.233333334326744080	0.166666671633720400	0.000000000000000000	0.00316354	0.00334495	0.0	0.699999988079071040	0.005731	2
PREFLOP	LOW	LOW	0.142857149243354800	0.357142865657806400	0.142857149243354800	0.000000000000000000	0.00182959	0.000873255	0.0	0.571428596973419190	0.00533299	2
PREFLOP	LOW	LOW	0.086956523358821869	0.217391297221183780	0.043478261679410934	0.000000000000000000	0.00193467	0.00219366	0.0	0.782608687877655030	0.00333827	2
PREFLOP	LOW	LOW	0.000000000000000000	0.166666671633720400	0.500000000000000000	0.000000000000000000	0.00335228	0.00328701	0.0	0.500000000000000000	0.00838112	1
PREFLOP	LOW	LOW	0.000000000000000000	0.125000000000000000	0.500000000000000000	0.125000000000000000	0.00352127	0.00257196	0.0	0.375000000000000000	0.00548457	1
PREFLOP	LOW	LOW	0.000000000000000000	0.375000000000000000	0.437500000000000000	0.000000000000000000	0.00154961	0.00150904	0.0	0.562500000000000000	0.0036631	1
PREFLOP	LOW	LOW	0.000000000000000000	0.000000000000000000	1.000000000000000000	0.000000000000000000	0.000500626	0	0.0	0.000000000000000000	0	1
PREFLOP	LOW	LOW	0.000000000000000000	0.111111111938953400	0.222222223877906800	0.000000000000000000	0.0012913	0.000621272	0.0	0.777777791023254390	0.00322186	2
PREFLOP	LOW	LOW	0.071428574621677399	0.071428574621677399	0.142857149243354800	0.000000000000000000	0.00430356	0.00251717	0.0	0.714285731315612790	0.00450128	2
PREFLOP	LOW	LOW	0.000000000000000000	0.000000000000000000	0.000000000000000000	0.000000000000000000	0	0	0.0	1.000000000000000000	0.00533136	2
PREFLOP	LOW	LOW	0.125000000000000000	0.303571432828903200	0.142857149243354800	0.035714287310838699	0.00212487	0.00193897	0.0	0.571428596973419190	0.00242224	2
PREFLOP	LOW	LOW	0.075000002980232239	0.266666680574417110	0.349999994039535520	0.066666670143604279	0.00357471	0.00491669	0.0	0.433333337306976320	0.00356862	1
PREFLOP	LOW	LOW	0.000000000000000000	0.000000000000000000	0.000000000000000000	0.500000000000000000	0.0086039	0.0040144	0.0	0.500000000000000000	0.0067117	2
PREFLOP	LOW	LOW	0.000000000000000000	0.000000000000000000	1.000000000000000000	1.000000000000000000	0.00538304	0.00380638	0.0	0.000000000000000000	0	1
PREFLOP	LOW	LOW	0.000000000000000000	0.285714298486709590	0.571428596973419190	0.000000000000000000	0.00237597	0.0011915	0.0	0.428571432828903200	0.00367476	1
PREFLOP	LOW	LOW	0.000000000000000000	0.142857149243354800	0.285714298486709590	0.000000000000000000	0.00892142	0.00773466	0.0	0.714285731315612790	0.00999931	2
PREFLOP	LOW	LOW	0.000000000000000000	0.125000000000000000	0.000000000000000000	0.000000000000000000	0.00050025	0	0.0	1.000000000000000000	0.00296641	2
PREFLOP	LOW	LOW	0.000000000000000000	0.000000000000000000	0.000000000000000000	0.000000000000000000	0	0	0.0	1.000000000000000000	0.00229568	2
PREFLOP	LOW	LOW	0.095238097012042999	0.285714298486709590	0.333333343267440800	0.238095238804817200	0.00353341	0.00305574	0.0	0.285714298486709590	0.00410423	1
PREFLOP	LOW	LOW	0.032258063554763794	0.241935476660728450	0.274193555116653440	0.032258063554763794	0.00598179	0.00902578	0.0	0.629032254219055180	0.00402443	2
PREFLOP	LOW	LOW	0.071428574621677399	0.214285716414451600	0.224489793181419370	0.040816325694322586	0.00557179	0.0120046	0.0	0.602040827274322510	0.00355911	2
PREFLOP	LOW	LOW	0.250000000000000000	0.500000000000000000	0.000000000000000000	0.000000000000000000	0.00116005	0.000431986	0.0	0.500000000000000000	0.00303905	2
PREFLOP	LOW	LOW	0.000000000000000000	0.000000000000000000	0.000000000000000000	0.000000000000000000	0	0	0.0	1.000000000000000000	0.011976	2
PREFLOP	LOW	LOW	0.000000000000000000	0.000000000000000000	0.500000000000000000	0.000000000000000000	0.000668003	0	0.0	1.000000000000000000	0.00356713	2
PREFLOP	LOW	LOW	0.159999996423721310	0.280000001192092900	0.159999996423721310	0.000000000000000000	0.00140937	0.000878495	0.0	0.519999980926513670	0.00262628	2
PREFLOP	LOW	LOW	0.000000000000000000	0.125000000000000000	0.000000000000000000	0.000000000000000000	0.00050025	0	0.0	1.000000000000000000	0.00667913	2
PREFLOP	LOW	LOW	0.000000000000000000	0.250000000000000000	0.250000000000000000	0.000000000000000000	0.00052687	0.000372554	0.0	0.750000000000000000	0.00253503	2
PREFLOP	LOW	LOW	0.000000000000000000	0.666666686534881590	0.666666686534881590	0.333333343267440800	0.00897702	0.0155763	0.0	0.333333343267440800	0.00749064	1
PREFLOP	LOW	LOW	0.000000000000000000	0.333333343267440800	0.500000000000000000	0.166666671633720400	0.00401621	0.00589732	0.0	0.333333343267440800	0.00864786	1
PREFLOP	LOW	LOW	0.000000000000000000	0.000000000000000000	0.000000000000000000	0.000000000000000000	0	0	0.0	1.000000000000000000	0.00682147	2
PREFLOP	LOW	LOW	0.000000000000000000	0.666666686534881590	0.333333343267440800	0.000000000000000000	0.00475711	0.005914	0.0	0.666666686534881590	0.00585387	2
PREFLOP	LOW	LOW	0.062500000000000000	0.125000000000000000	0.062500000000000000	0.020833333954215050	0.00326759	0.00449611	0.0	0.791666686534881590	0.00346452	2
PREFLOP	LOW	LOW	0.052631579339504242	0.315789461135864260	0.578947365283966060	0.000000000000000000	0.00186273	0.00122853	0.0	0.315789461135864260	0.00227122	1
PREFLOP	LOW	LOW	0.200000002980232240	0.333333343267440800	0.000000000000000000	0.000000000000000000	0.00224434	0.00261986	0.0	0.600000023841857910	0.00288828	2
PREFLOP	LOW	LOW	0.000000000000000000	0.000000000000000000	0.000000000000000000	0.000000000000000000	0	0	0.0	1.000000000000000000	0.00280774	2
PREFLOP	LOW	LOW	0.000000000000000000	1.000000000000000000	0.000000000000000000	1.000000000000000000	0.00180562	0.00127677	0.0	0.000000000000000000	0	1
PREFLOP	LOW	LOW	0.000000000000000000	0.000000000000000000	0.000000000000000000	0.000000000000000000	0	0	0.0	1.000000000000000000	0.000455373	2
PREFLOP	LOW	LOW	0.285714298486709590	0.285714298486709590	0.285714298486709590	0.000000000000000000	0.00329007	0.00282476	0.0	0.142857149243354800	0.00407332	1
PREFLOP	LOW	LOW	0.133333340287208560	0.200000002980232240	0.133333340287208560	0.000000000000000000	0.002546	0.00138941	0.0	0.600000023841857910	0.0030072	2
PREFLOP	LOW	LOW	0.121212124824523930	0.303030312061309810	0.212121218442916870	0.000000000000000000	0.00231892	0.00236955	0.0	0.545454561710357670	0.00347246	2
PREFLOP	LOW	LOW	0.000000000000000000	0.000000000000000000	0.250000000000000000	0.250000000000000000	0.0119486	0.0112062	0.0	0.500000000000000000	0.000556965	2
PREFLOP	LOW	LOW	0.250000000000000000	0.250000000000000000	0.125000000000000000	0.000000000000000000	0.00322444	0.00285341	0.0	0.375000000000000000	0.00100435	2
PREFLOP	LOW	LOW	0.133333340287208560	0.300000011920928960	0.200000002980232240	0.000000000000000000	0.00460875	0.00570162	0.0	0.533333361148834230	0.0032267	2
PREFLOP	LOW	LOW	0.000000000000000000	0.000000000000000000	0.333333343267440800	0.000000000000000000	0.0006635	0.000369253	0.0	0.833333313465118410	0.00667441	2
PREFLOP	LOW	LOW	0.062500000000000000	0.212500005960464480	0.237499997019767760	0.012500000186264515	0.00440341	0.00610953	0.0	0.637499988079071040	0.00472446	2
PREFLOP	LOW	LOW	0.105263158679008480	0.263157904148101810	0.315789461135864260	0.000000000000000000	0.00479192	0.00532303	0.0	0.473684221506118770	0.00424759	1
PREFLOP	LOW	LOW	0.083333335816860199	0.250000000000000000	0.083333335816860199	0.000000000000000000	0.00374521	0.00270624	0.0	0.750000000000000000	0.0187485	2
PREFLOP	LOW	LOW	0.000000000000000000	0.275000005960464480	0.324999988079071040	0.025000000372529030	0.00329712	0.00465914	0.0	0.649999976158142090	0.00347037	2
PREFLOP	LOW	LOW	0.142857149243354800	0.285714298486709590	0.214285716414451600	0.000000000000000000	0.00427669	0.00376375	0.0	0.500000000000000000	0.00324425	2
PREFLOP	LOW	LOW	0.000000000000000000	0.266666680574417110	0.333333343267440800	0.066666670143604279	0.002303	0.00242258	0.0	0.600000023841857910	0.00467949	2
PREFLOP	LOW	LOW	0.000000000000000000	1.000000000000000000	1.000000000000000000	0.000000000000000000	0.0042061	0.00297416	0.0	0.000000000000000000	0	1
PREFLOP	LOW	LOW	0.000000000000000000	0.166666671633720400	0.166666671633720400	0.000000000000000000	0.00274146	0.0019385	0.0	0.833333313465118410	0.00156307	2
PREFLOP	LOW	LOW	0.250000000000000000	0.500000000000000000	0.250000000000000000	0.000000000000000000	0.00531199	0.00469095	0.0	0.250000000000000000	0.00143678	1
PREFLOP	LOW	LOW	0.083333335816860199	0.291666656732559200	0.375000000000000000	0.041666667908430099	0.00185013	0.00166571	0.0	0.416666656732559200	0.00307964	1
PREFLOP	LOW	LOW	0.000000000000000000	0.333333343267440800	0.333333343267440800	0.000000000000000000	0.00138679	0.000980607	0.0	0.666666686534881590	0.00227981	2
PREFLOP	LOW	LOW	0.000000000000000000	0.000000000000000000	0.000000000000000000	0.000000000000000000	0	0	0.0	1.000000000000000000	0.00510857	2
PREFLOP	LOW	LOW	0.000000000000000000	0.250000000000000000	0.000000000000000000	0.000000000000000000	0.000555864	0	0.0	1.000000000000000000	0.00328392	2
PREFLOP	LOW	LOW	0.043478261679410934	0.173913046717643740	0.304347813129425050	0.173913046717643740	0.00291303	0.00318361	0.0	0.478260874748229980	0.00500592	2
PREFLOP	LOW	LOW	0.000000000000000000	0.428571432828903200	0.142857149243354800	0.142857149243354800	0.00130261	0.000964833	0.0	0.714285731315612790	0.00127213	2
PREFLOP	LOW	LOW	0.000000000000000000	0.200000002980232240	0.100000001490116120	0.300000011920928960	0.00268273	0.00278633	0.0	0.600000023841857910	0.00330236	2
PREFLOP	LOW	LOW	0.111111111938953400	0.222222223877906800	0.333333343267440800	0.000000000000000000	0.00233461	0.00224144	0.0	0.444444447755813600	0.00300111	1
PREFLOP	LOW	LOW	0.057142857462167740	0.228571429848670960	0.171428576111793520	0.057142857462167740	0.00204509	0.00200166	0.0	0.685714304447174070	0.00755827	2
PREFLOP	LOW	LOW	0.000000000000000000	0.000000000000000000	0.000000000000000000	0.000000000000000000	0	0	0.0	1.000000000000000000	0.00360203	2
PREFLOP	LOW	LOW	0.142857149243354800	0.285714298486709590	0.285714298486709590	0.000000000000000000	0.00417501	0.00522497	0.0	0.428571432828903200	0.00171383	1
PREFLOP	LOW	LOW	0.100000001490116120	0.300000011920928960	0.200000002980232240	0.000000000000000000	0.00450308	0.00383457	0.0	0.600000023841857910	0.00380704	2
PREFLOP	LOW	LOW	0.000000000000000000	0.250000000000000000	0.250000000000000000	0.125000000000000000	0.00299837	0.00353366	0.0	0.625000000000000000	0.00330254	2
PREFLOP	LOW	LOW	0.125000000000000000	0.250000000000000000	0.250000000000000000	0.000000000000000000	0.00334985	0.00418659	0.0	0.500000000000000000	0.00438501	2
PREFLOP	LOW	LOW	0.181818187236785890	0.454545468091964720	0.318181812763214110	0.000000000000000000	0.00227595	0.0021482	0.0	0.318181812763214110	0.00205431	1
PREFLOP	LOW	LOW	0.071428574621677399	0.285714298486709590	0.476190477609634400	0.047619048506021500	0.00414453	0.00493488	0.0	0.333333343267440800	0.00618862	1
PREFLOP	LOW	LOW	0.000000000000000000	0.000000000000000000	0.000000000000000000	0.000000000000000000	0	0	0.0	1.000000000000000000	0.000771605	2
PREFLOP	LOW	LOW	0.000000000000000000	0.400000005960464480	0.200000002980232240	0.000000000000000000	0.00240466	0.002025	0.0	0.800000011920928960	0.00430814	2
PREFLOP	LOW	LOW	0.000000000000000000	0.444444447755813600	0.370370358228683470	0.037037037312984467	0.00461857	0.0084941	0.0	0.592592597007751460	0.00688118	2
PREFLOP	LOW	LOW	0.055555555969476700	0.333333343267440800	0.444444447755813600	0.111111111938953400	0.00340418	0.00473771	0.0	0.388888895511627200	0.00212599	1
PREFLOP	LOW	LOW	0.000000000000000000	0.250000000000000000	0.000000000000000000	0.000000000000000000	0.00222717	0	0.0	1.000000000000000000	0.00246916	2
PREFLOP	LOW	LOW	0.000000000000000000	1.000000000000000000	1.000000000000000000	0.000000000000000000	0.00110092	0.000778466	0.0	0.000000000000000000	0	1
PREFLOP	LOW	LOW	0.000000000000000000	0.000000000000000000	1.000000000000000000	0.000000000000000000	0.000892459	0	0.0	0.000000000000000000	0	1
PREFLOP	LOW	LOW	0.017857143655419350	0.178571432828903200	0.178571432828903200	0.035714287310838699	0.00357374	0.00344132	0.0	0.750000000000000000	0.00437892	2
PREFLOP	LOW	LOW	0.000000000000000000	0.285714298486709590	0.428571432828903200	0.000000000000000000	0.00203161	0.00207144	0.0	0.571428596973419190	0.000898986	1
PREFLOP	LOW	LOW	0.055555555969476700	0.222222223877906800	0.111111111938953400	0.000000000000000000	0.00346739	0.00468401	0.0	0.777777791023254390	0.00734879	2
PREFLOP	LOW	LOW	0.097222223877906799	0.208333328366279600	0.125000000000000000	0.013888888992369175	0.00259974	0.00295331	0.0	0.666666686534881590	0.00462613	2
PREFLOP	LOW	LOW	0.000000000000000000	0.076923079788684845	0.076923079788684845	0.076923079788684845	0.00396466	0.00402719	0.0	0.846153855323791500	0.00638995	2
PREFLOP	LOW	LOW	0.020833333954215050	0.208333328366279600	0.375000000000000000	0.062500000000000000	0.00316505	0.00375174	0.0	0.604166686534881590	0.00556091	2
PREFLOP	LOW	LOW	0.000000000000000000	0.062500000000000000	0.187500000000000000	0.000000000000000000	0.00793261	0.0075101	0.0	0.812500000000000000	0.00586616	2
PREFLOP	LOW	LOW	0.057142857462167740	0.300000011920928960	0.485714286565780640	0.000000000000000000	0.00293776	0.0034895	0.0	0.400000005960464480	0.00333733	1
PREFLOP	LOW	LOW	0.043010752648115158	0.247311830520629880	0.591397821903228760	0.010752688162028790	0.00288663	0.00308172	0.0	0.322580635547637940	0.00378257	1
PREFLOP	LOW	LOW	0.090909093618392944	0.272727280855178830	0.363636374473571780	0.000000000000000000	0.00291577	0.00206765	0.0	0.454545468091964720	0.00519277	1
PREFLOP	LOW	LOW	0.000000000000000000	0.000000000000000000	0.000000000000000000	0.000000000000000000	0	0	0.0	1.000000000000000000	0.00100402	2
PREFLOP	LOW	LOW	0.000000000000000000	0.000000000000000000	0.000000000000000000	0.000000000000000000	0	0	0.0	1.000000000000000000	0.00212389	2
PREFLOP	LOW	LOW	0.200000002980232240	0.200000002980232240	0.200000002980232240	0.000000000000000000	0.0018888	0.000636452	0.0	0.400000005960464480	0.0120524	2
PREFLOP	LOW	LOW	0.138888895511627200	0.361111104488372800	0.416666656732559200	0.027777777984738350	0.00387711	0.00414087	0.0	0.277777791023254390	0.00279556	1
PREFLOP	LOW	LOW	0.200000002980232240	0.400000005960464480	0.400000005960464480	0.000000000000000000	0.00352787	0.00109462	0.0	0.200000002980232240	0.00381388	1
PREFLOP	LOW	LOW	0.142857149243354800	0.428571432828903200	0.285714298486709590	0.000000000000000000	0.00189814	0.00179639	0.0	0.428571432828903200	0.000943049	1
PREFLOP	LOW	LOW	0.000000000000000000	0.222222223877906800	0.111111111938953400	0.111111111938953400	0.00118014	0.000840844	0.0	0.777777791023254390	0.00356235	2
PREFLOP	LOW	LOW	0.000000000000000000	0.500000000000000000	1.000000000000000000	0.000000000000000000	0.00140693	0.00132845	0.0	0.000000000000000000	0	1
PREFLOP	LOW	LOW	0.083333335816860199	0.083333335816860199	0.000000000000000000	0.083333335816860199	0.00371033	0.00294021	0.0	0.750000000000000000	0.00266008	2
PREFLOP	LOW	LOW	0.081081077456474304	0.135135129094123840	0.135135129094123840	0.054054055362939835	0.00501984	0.00543424	0.0	0.648648619651794430	0.0059315	2
PREFLOP	LOW	LOW	0.000000000000000000	0.000000000000000000	0.000000000000000000	0.000000000000000000	0	0	0.0	1.000000000000000000	0.00289017	2
PREFLOP	LOW	LOW	0.000000000000000000	0.500000000000000000	0.500000000000000000	0.000000000000000000	0.000834202	1.73973e-007	0.0	1.000000000000000000	0.00425706	2
PREFLOP	LOW	LOW	0.084112152457237244	0.233644858002662660	0.168224304914474490	0.009345794096589088	0.00318107	0.00409149	0.0	0.663551390171051030	0.00493751	2
PREFLOP	LOW	LOW	0.111111111938953400	0.111111111938953400	0.555555582046508790	0.000000000000000000	0.00361335	0.00300824	0.0	0.222222223877906800	0.00223036	1
PREFLOP	LOW	LOW	0.000000000000000000	0.000000000000000000	0.000000000000000000	0.000000000000000000	0	0	0.0	1.000000000000000000	0.0029301	2
PREFLOP	LOW	LOW	0.000000000000000000	0.312500000000000000	0.625000000000000000	0.000000000000000000	0.00234298	0.00234726	0.0	0.437500000000000000	0.00296683	1
PREFLOP	LOW	LOW	0.000000000000000000	0.600000023841857910	0.600000023841857910	0.000000000000000000	0.012095	0.0104304	0.0	0.400000005960464480	0.00714665	1
PREFLOP	LOW	LOW	0.000000000000000000	0.095238097012042999	0.190476194024086000	0.000000000000000000	0.00286164	0.00270496	0.0	0.809523820877075200	0.00305635	2
PREFLOP	LOW	LOW	0.107142858207225800	0.178571432828903200	0.178571432828903200	0.000000000000000000	0.00412899	0.00292097	0.0	0.607142865657806400	0.00631954	2
PREFLOP	LOW	LOW	0.000000000000000000	0.000000000000000000	1.000000000000000000	0.000000000000000000	0.0119358	0	0.0	0.000000000000000000	0	1
PREFLOP	LOW	LOW	0.000000000000000000	0.428571432828903200	0.571428596973419190	0.000000000000000000	0.00969909	0.016271	0.0	0.428571432828903200	0.0134729	1
PREFLOP	LOW	LOW	0.038461539894342422	0.115384615957736970	0.115384615957736970	0.000000000000000000	0.00547582	0.00915924	0.0	0.807692289352416990	0.00291776	2
PREFLOP	LOW	LOW	0.000000000000000000	0.166666671633720400	0.083333335816860199	0.083333335816860199	0.00344337	0.00501694	0.0	0.833333313465118410	0.0023381	2
PREFLOP	LOW	LOW	0.071428574621677399	0.214285716414451600	0.071428574621677399	0.071428574621677399	0.0033469	0.0034858	0.0	0.714285731315612790	0.00323826	2
PREFLOP	LOW	LOW	0.035714287310838699	0.214285716414451600	0.250000000000000000	0.000000000000000000	0.00643882	0.00703803	0.0	0.678571403026580810	0.00343671	2
PREFLOP	LOW	LOW	0.166666671633720400	0.250000000000000000	0.166666671633720400	0.083333335816860199	0.00435127	0.00179625	0.0	0.416666656732559200	0.00410912	2
PREFLOP	LOW	LOW	0.040404040366411209	0.232323229312896730	0.333333343267440800	0.030303031206130981	0.00370234	0.00423466	0.0	0.575757563114166260	0.00482354	2
PREFLOP	LOW	LOW	0.000000000000000000	0.000000000000000000	0.000000000000000000	1.000000000000000000	0.00213426	0	0.0	0.000000000000000000	0	1
PREFLOP	LOW	LOW	0.000000000000000000	0.000000000000000000	0.000000000000000000	0.000000000000000000	0	0	0.0	1.000000000000000000	0.0014944	2
PREFLOP	LOW	LOW	0.272727280855178830	0.272727280855178830	0.000000000000000000	0.000000000000000000	0.0037127	0.00315034	0.0	0.454545468091964720	0.00259039	2
PREFLOP	LOW	LOW	0.000000000000000000	0.000000000000000000	0.500000000000000000	0.000000000000000000	0.00143781	0	0.0	0.500000000000000000	0.000716332	1
PREFLOP	LOW	LOW	0.094890512526035309	0.204379558563232420	0.262773722410202030	0.014598540030419827	0.00386265	0.00474344	0.0	0.532846689224243160	0.00355364	2
PREFLOP	LOW	LOW	0.166666671633720400	0.166666671633720400	0.166666671633720400	0.000000000000000000	0.0087607	0.0077597	0.0	0.666666686534881590	0.00534755	2
PREFLOP	LOW	LOW	0.105263158679008480	0.315789461135864260	0.315789461135864260	0.052631579339504242	0.00373953	0.00231701	0.0	0.421052634716033940	0.0085858	1
PREFLOP	LOW	LOW	0.083333335816860199	0.222222223877906800	0.250000000000000000	0.000000000000000000	0.00506153	0.00397276	0.0	0.583333313465118410	0.00628508	2
PREFLOP	LOW	LOW	0.000000000000000000	0.083333335816860199	0.000000000000000000	0.000000000000000000	0.00117786	0	0.0	1.000000000000000000	0.00250166	2
PREFLOP	LOW	LOW	0.107142858207225800	0.250000000000000000	0.250000000000000000	0.071428574621677399	0.00215691	0.00283559	0.0	0.464285701513290410	0.00364246	2
PREFLOP	LOW	LOW	0.062500000000000000	0.214285716414451600	0.267857134342193600	0.035714287310838699	0.00390793	0.00577584	0.0	0.571428596973419190	0.00415263	2
PREFLOP	LOW	LOW	0.111111111938953400	0.333333343267440800	0.444444447755813600	0.000000000000000000	0.00240172	0.00157866	0.0	0.444444447755813600	0.00489334	1
PREFLOP	LOW	LOW	0.000000000000000000	0.166666671633720400	0.666666686534881590	0.000000000000000000	0.00489388	0.00280749	0.0	0.333333343267440800	0.00410721	1
PREFLOP	LOW	LOW	0.000000000000000000	0.000000000000000000	0.000000000000000000	0.000000000000000000	0	0	0.0	1.000000000000000000	0.00210742	2
PREFLOP	LOW	LOW	0.000000000000000000	0.000000000000000000	0.250000000000000000	0.000000000000000000	0.00288184	0	0.0	0.750000000000000000	0.0060748	2
PREFLOP	LOW	LOW	0.090909093618392944	0.272727280855178830	0.090909093618392944	0.090909093618392944	0.00459221	0.00475686	0.0	0.636363625526428220	0.00280273	2
PREFLOP	LOW	LOW	0.000000000000000000	0.285714298486709590	0.238095238804817200	0.000000000000000000	0.00178854	0.00172629	0.0	0.761904776096343990	0.00205554	2
PREFLOP	LOW	LOW	0.000000000000000000	0.250000000000000000	0.250000000000000000	0.000000000000000000	0.0018518	0.00196369	0.0	0.750000000000000000	0.00257057	2
PREFLOP	LOW	LOW	0.000000000000000000	0.000000000000000000	0.000000000000000000	0.166666671633720400	0.0110837	0	0.0	0.833333313465118410	0.0241093	2
PREFLOP	LOW	LOW	0.000000000000000000	0.166666671633720400	0.500000000000000000	0.166666671633720400	0.00140114	0.00140729	0.0	0.333333343267440800	0.00184193	1
PREFLOP	LOW	LOW	0.100000001490116120	0.200000002980232240	0.500000000000000000	0.000000000000000000	0.00125896	0.000868984	0.0	0.400000005960464480	0.00179324	1
PREFLOP	LOW	LOW	0.081081077456474304	0.189189195632934570	0.153153151273727420	0.090090088546276093	0.00446277	0.00620549	0.0	0.594594597816467290	0.00475608	2
PREFLOP	LOW	LOW	0.000000000000000000	0.571428596973419190	0.571428596973419190	0.000000000000000000	0.0019415	0.00243407	0.0	0.428571432828903200	0.00240264	1
PREFLOP	LOW	LOW	0.000000000000000000	0.300000011920928960	0.500000000000000000	0.000000000000000000	0.00206497	0.00233381	0.0	0.500000000000000000	0.00419817	1
PREFLOP	LOW	LOW	0.076923079788684845	0.076923079788684845	0.153846159577369690	0.000000000000000000	0.00416644	0.0027302	0.0	0.692307710647583010	0.00551701	2
PREFLOP	LOW	LOW	0.166666671633720400	0.166666671633720400	0.166666671633720400	0.000000000000000000	0.0028005	0.00168381	0.0	0.500000000000000000	0.00149227	2
PREFLOP	LOW	LOW	0.030303031206130981	0.242424249649047850	0.121212124824523930	0.060606062412261963	0.00238603	0.00202115	0.0	0.757575750350952150	0.00560694	2
PREFLOP	LOW	LOW	0.000000000000000000	0.307692319154739380	0.461538463830947880	0.076923079788684845	0.00452872	0.00506879	0.0	0.461538463830947880	0.00550312	1
PREFLOP	LOW	LOW	0.000000000000000000	0.000000000000000000	0.000000000000000000	1.000000000000000000	0.00419413	0	0.0	0.000000000000000000	0	1
PREFLOP	LOW	LOW	0.000000000000000000	0.750000000000000000	0.750000000000000000	0.000000000000000000	0.00474379	0.00378063	0.0	0.250000000000000000	0.00167997	1
PREFLOP	LOW	LOW	0.111111111938953400	0.166666671633720400	0.000000000000000000	0.000000000000000000	0.00282033	0.000799343	0.0	0.777777791023254390	0.00543355	2
PREFLOP	LOW	LOW	0.043478261679410934	0.217391297221183780	0.173913046717643740	0.043478261679410934	0.00227509	0.00238917	0.0	0.695652186870574950	0.00324575	2
PREFLOP	LOW	LOW	0.125000000000000000	0.250000000000000000	0.000000000000000000	0.000000000000000000	0.00808625	0.00269542	0.0	0.750000000000000000	0.0132666	2
PREFLOP	LOW	LOW	0.000000000000000000	0.250000000000000000	0.250000000000000000	0.000000000000000000	0.00367969	0.00308167	0.0	0.750000000000000000	0.00208798	2
PREFLOP	LOW	LOW	0.000000000000000000	0.250000000000000000	0.250000000000000000	0.000000000000000000	0.00505051	0.00357125	0.0	0.750000000000000000	0.00167954	2
PREFLOP	LOW	LOW	0.000000000000000000	0.250000000000000000	0.250000000000000000	0.000000000000000000	0.000536801	0.000179531	0.0	0.750000000000000000	0.00255563	2
PREFLOP	LOW	LOW	0.500000000000000000	0.500000000000000000	0.000000000000000000	0.000000000000000000	0.00403226	0	0.0	0.000000000000000000	0	1
PREFLOP	LOW	LOW	0.032258063554763794	0.193548381328582760	0.387096762657165530	0.032258063554763794	0.00410966	0.00553676	0.0	0.516129016876220700	0.00420198	1
PREFLOP	LOW	LOW	0.105263158679008480	0.157894730567932130	0.421052634716033940	0.052631579339504242	0.00697575	0.00328521	0.0	0.315789461135864260	0.00198323	1
PREFLOP	LOW	LOW	0.000000000000000000	0.400000005960464480	0.400000005960464480	0.000000000000000000	0.00410946	0.00401536	0.0	0.600000023841857910	0.0027328	2
PREFLOP	LOW	LOW	0.083333335816860199	0.166666671633720400	0.083333335816860199	0.083333335816860199	0.00201142	0.00104476	0.0	0.666666686534881590	0.00371654	2
PREFLOP	LOW	LOW	0.166666671633720400	0.166666671633720400	0.166666671633720400	0.000000000000000000	0.000580224	0.000231118	0.0	0.500000000000000000	0.00120889	2
PREFLOP	LOW	LOW	0.090909093618392944	0.363636374473571780	0.363636374473571780	0.000000000000000000	0.00230949	0.00243919	0.0	0.454545468091964720	0.00334676	1
PREFLOP	LOW	LOW	0.000000000000000000	0.000000000000000000	0.500000000000000000	0.000000000000000000	0.000965364	0.000580231	0.0	0.750000000000000000	0.00540683	2
PREFLOP	LOW	LOW	0.105263158679008480	0.263157904148101810	0.368421047925949100	0.052631579339504242	0.00451268	0.00627891	0.0	0.368421047925949100	0.0040298	1
PREFLOP	LOW	LOW	0.086956523358821869	0.173913046717643740	0.260869562625885010	0.086956523358821869	0.00202957	0.00239773	0.0	0.521739125251770020	0.00574874	2
PREFLOP	LOW	LOW	0.285714298486709590	0.285714298486709590	0.142857149243354800	0.000000000000000000	0.00728282	0.0031206	0.0	0.285714298486709590	0.0112236	1
PREFLOP	LOW	LOW	0.071428574621677399	0.285714298486709590	0.214285716414451600	0.071428574621677399	0.0109726	0.0135539	0.0	0.571428596973419190	0.00648996	2
PREFLOP	LOW	LOW	0.073529414832592010	0.308823525905609130	0.477941185235977170	0.000000000000000000	0.0037515	0.00532996	0.0	0.389705896377563480	0.00548736	1
PREFLOP	LOW	LOW	0.052631579339504242	0.131578952074050900	0.210526317358016970	0.210526317358016970	0.00372659	0.00360976	0.0	0.500000000000000000	0.00504017	2
PREFLOP	LOW	LOW	0.055555555969476700	0.222222223877906800	0.055555555969476700	0.055555555969476700	0.00234568	0.00273405	0.0	0.777777791023254390	0.00349577	2
PREFLOP	LOW	LOW	0.000000000000000000	0.222222223877906800	0.000000000000000000	0.111111111938953400	0.00182813	0.000646702	0.0	0.888888895511627200	0.00557669	2
PREFLOP	LOW	LOW	0.066666670143604279	0.177777782082557680	0.244444444775581360	0.022222222760319710	0.00333561	0.00334984	0.0	0.622222244739532470	0.00333835	2
PREFLOP	LOW	LOW	0.000000000000000000	0.125000000000000000	0.375000000000000000	0.125000000000000000	0.00310643	0.00284783	0.0	0.500000000000000000	0.00566974	2
PREFLOP	LOW	LOW	0.000000000000000000	0.200000002980232240	0.400000005960464480	0.000000000000000000	0.00699077	0.0074616	0.0	0.600000023841857910	0.00605366	2
PREFLOP	LOW	LOW	0.400000005960464480	0.400000005960464480	0.000000000000000000	0.000000000000000000	0.00150376	0.000502258	0.0	0.200000002980232240	0.013518	2
PREFLOP	LOW	LOW	0.000000000000000000	0.000000000000000000	0.750000000000000000	0.000000000000000000	0.00481285	0.00216132	0.0	0.250000000000000000	0.00350722	1
PREFLOP	LOW	LOW	0.142857149243354800	0.214285716414451600	0.071428574621677399	0.071428574621677399	0.00487872	0.00254677	0.0	0.571428596973419190	0.00442682	2
PREFLOP	LOW	LOW	0.000000000000000000	0.000000000000000000	0.000000000000000000	0.500000000000000000	0.00659824	0	0.0	0.500000000000000000	0.00143678	2
PREFLOP	LOW	LOW	0.000000000000000000	0.200000002980232240	0.000000000000000000	0.000000000000000000	0.00214746	0	0.0	1.000000000000000000	0.00245109	2
PREFLOP	LOW	LOW	0.000000000000000000	0.000000000000000000	0.200000002980232240	0.000000000000000000	0.000763213	0	0.0	0.800000011920928960	0.00251744	2
PREFLOP	LOW	LOW	0.000000000000000000	0.000000000000000000	0.166666671633720400	0.083333335816860199	0.00121164	0.000737563	0.0	0.750000000000000000	0.00169778	2
PREFLOP	LOW	LOW	0.142857149243354800	0.142857149243354800	0.071428574621677399	0.071428574621677399	0.00764188	0.0083309	0.0	0.571428596973419190	0.00595457	2
PREFLOP	LOW	LOW	0.057142857462167740	0.257142871618270870	0.171428576111793520	0.057142857462167740	0.00269212	0.0028313	0.0	0.657142877578735350	0.00505815	2
PREFLOP	LOW	LOW	0.052631579339504242	0.289473682641983030	0.342105269432067870	0.078947365283966064	0.00348572	0.00373475	0.0	0.473684221506118770	0.00522108	1
PREFLOP	LOW	LOW	0.000000000000000000	1.000000000000000000	1.000000000000000000	0.000000000000000000	0.000556174	0.000393274	0.0	0.000000000000000000	0	1
PREFLOP	LOW	LOW	0.000000000000000000	0.000000000000000000	0.000000000000000000	0.000000000000000000	0	0	0.0	1.000000000000000000	0.004164	2
PREFLOP	LOW	LOW	0.000000000000000000	0.000000000000000000	0.400000005960464480	0.000000000000000000	0.00270129	0.00163006	0.0	0.600000023841857910	0.00260754	2
PREFLOP	LOW	LOW	0.000000000000000000	1.000000000000000000	1.000000000000000000	0.000000000000000000	0.00403226	0.00285124	0.0	0.000000000000000000	0	1
PREFLOP	LOW	LOW	0.000000000000000000	0.142857149243354800	0.285714298486709590	0.000000000000000000	0.00663756	0.00409756	0.0	0.714285731315612790	0.0083287	2
PREFLOP	LOW	LOW	0.000000000000000000	0.285714298486709590	0.857142865657806400	0.000000000000000000	0.00215456	0.0017144	0.0	0.285714298486709590	0.00276365	1
PREFLOP	LOW	LOW	0.000000000000000000	0.153846159577369690	0.307692319154739380	0.076923079788684845	0.00661686	0.00934227	0.0	0.615384638309478760	0.0060805	2
PREFLOP	LOW	LOW	0.000000000000000000	0.200000002980232240	0.333333343267440800	0.066666670143604279	0.00360815	0.00216655	0.0	0.600000023841857910	0.00361143	2
PREFLOP	LOW	LOW	0.000000000000000000	0.000000000000000000	1.000000000000000000	0.000000000000000000	0.000890869	0	0.0	0.000000000000000000	0	1
PREFLOP	LOW	LOW	0.096551723778247833	0.275862067937850950	0.124137930572032930	0.013793103396892548	0.00297493	0.00350528	0.0	0.668965518474578860	0.00429914	2
PREFLOP	LOW	LOW	0.000000000000000000	0.500000000000000000	0.500000000000000000	0.000000000000000000	0.00138018	0.000975932	0.0	0.500000000000000000	0.000501002	1
PREFLOP	LOW	LOW	0.142857149243354800	0.285714298486709590	0.107142858207225800	0.035714287310838699	0.00175711	0.00170158	0.0	0.607142865657806400	0.00368358	2
PREFLOP	LOW	LOW	0.000000000000000000	0.285714298486709590	0.428571432828903200	0.000000000000000000	0.0047259	0.00468881	0.0	0.571428596973419190	0.00195381	1
PREFLOP	LOW	LOW	0.071428574621677399	0.107142858207225800	0.392857134342193600	0.107142858207225800	0.00473372	0.00456447	0.0	0.428571432828903200	0.0051772	1
PREFLOP	LOW	LOW	0.013698630034923553	0.191780820488929750	0.287671238183975220	0.000000000000000000	0.00468478	0.0103429	0.0	0.712328791618347170	0.00663883	2
PREFLOP	LOW	LOW	0.000000000000000000	0.000000000000000000	0.000000000000000000	0.250000000000000000	0.00933126	0	0.0	0.750000000000000000	0.00611099	2
PREFLOP	LOW	LOW	0.066666670143604279	0.155555561184883120	0.200000002980232240	0.088888891041278839	0.00566786	0.00793469	0.0	0.622222244739532470	0.0045276	2
PREFLOP	LOW	LOW	0.100000001490116120	0.200000002980232240	0.300000011920928960	0.100000001490116120	0.00499358	0.00450663	0.0	0.400000005960464480	0.00257407	1
PREFLOP	LOW	LOW	0.000000000000000000	0.000000000000000000	1.000000000000000000	0.000000000000000000	0.00763359	0	0.0	0.000000000000000000	0	1
PREFLOP	LOW	LOW	0.096385538578033447	0.240963861346244810	0.289156615734100340	0.012048192322254181	0.00281682	0.00438479	0.0	0.506024122238159180	0.00564937	2
PREFLOP	LOW	LOW	0.020833333954215050	0.166666671633720400	0.187500000000000000	0.145833328366279600	0.00640896	0.00839301	0.0	0.645833313465118410	0.00492179	2
PREFLOP	LOW	LOW	0.000000000000000000	0.000000000000000000	0.000000000000000000	0.000000000000000000	0	0	0.0	1.000000000000000000	0.00182902	2
PREFLOP	LOW	LOW	0.071428574621677399	0.142857149243354800	0.571428596973419190	0.000000000000000000	0.00565891	0.00546863	0.0	0.285714298486709590	0.00383116	1
PREFLOP	LOW	LOW	0.117647059261798860	0.117647059261798860	0.058823529630899429	0.000000000000000000	0.00218684	0.00175831	0.0	0.705882370471954350	0.00345051	2
PREFLOP	LOW	LOW	0.111111111938953400	0.222222223877906800	0.111111111938953400	0.000000000000000000	0.00268007	0.00109414	0.0	0.666666686534881590	0.0076381	2
PREFLOP	LOW	LOW	0.214285716414451600	0.214285716414451600	0.285714298486709590	0.071428574621677399	0.00317311	0.00196046	0.0	0.214285716414451600	0.00117388	1
PREFLOP	LOW	LOW	0.000000000000000000	0.214285716414451600	0.285714298486709590	0.000000000000000000	0.00390607	0.00296383	0.0	0.714285731315612790	0.00421621	2
PREFLOP	LOW	LOW	0.000000000000000000	0.000000000000000000	0.000000000000000000	0.000000000000000000	0	0	0.0	1.000000000000000000	0.00354053	2
PREFLOP	LOW	LOW	0.250000000000000000	0.250000000000000000	0.125000000000000000	0.000000000000000000	0.00261571	0.00141124	0.0	0.375000000000000000	0.00383047	2
PREFLOP	LOW	LOW	0.093750000000000000	0.156250000000000000	0.125000000000000000	0.000000000000000000	0.00580324	0.00438612	0.0	0.687500000000000000	0.00337718	2
PREFLOP	LOW	LOW	0.063829787075519562	0.212765961885452270	0.361702114343643190	0.000000000000000000	0.00347764	0.00415688	0.0	0.510638296604156490	0.00396087	2
PREFLOP	LOW	LOW	0.000000000000000000	0.333333343267440800	0.000000000000000000	0.000000000000000000	0.000294204	0	0.0	1.000000000000000000	0.0017818	2
PREFLOP	LOW	LOW	0.100000001490116120	0.200000002980232240	0.200000002980232240	0.000000000000000000	0.00117942	1.73133e-006	0.0	0.600000023841857910	0.00278459	2
PREFLOP	LOW	LOW	0.000000000000000000	0.300000011920928960	0.100000001490116120	0.100000001490116120	0.00339252	0.00522919	0.0	0.899999976158142090	0.00349262	2
PREFLOP	LOW	LOW	0.071428574621677399	0.285714298486709590	0.285714298486709590	0.000000000000000000	0.00619067	0.00580831	0.0	0.571428596973419190	0.00662096	2
PREFLOP	LOW	LOW	0.066666670143604279	0.300000011920928960	0.200000002980232240	0.033333335071802139	0.00178153	0.00172442	0.0	0.633333325386047360	0.00458794	2
PREFLOP	LOW	LOW	0.000000000000000000	0.500000000000000000	0.625000000000000000	0.125000000000000000	0.00391498	0.00470543	0.0	0.250000000000000000	0.00600308	1
PREFLOP	LOW	LOW	0.000000000000000000	0.142857149243354800	0.857142865657806400	0.000000000000000000	0.00241911	0.0016401	0.0	0.142857149243354800	0.00224341	1
PREFLOP	LOW	LOW	0.000000000000000000	0.333333343267440800	1.000000000000000000	0.000000000000000000	0.00197739	0.000840591	0.0	0.000000000000000000	0	1
PREFLOP	LOW	LOW	0.000000000000000000	0.250000000000000000	0.500000000000000000	0.000000000000000000	0.00514914	0.0059199	0.0	0.500000000000000000	0.000358166	1
PREFLOP	LOW	LOW	0.000000000000000000	0.312500000000000000	0.375000000000000000	0.125000000000000000	0.00476805	0.00658937	0.0	0.500000000000000000	0.00335866	1
PREFLOP	LOW	LOW	0.000000000000000000	0.285714298486709590	0.428571432828903200	0.000000000000000000	0.00535294	0.00733303	0.0	0.714285731315612790	0.00442735	2
PREFLOP	LOW	LOW	0.030927835032343864	0.288659781217575070	0.463917523622512820	0.010309278033673763	0.00364763	0.00510776	0.0	0.484536081552505490	0.00465254	1
PREFLOP	LOW	LOW	0.047619048506021500	0.285714298486709590	0.142857149243354800	0.047619048506021500	0.0032885	0.00291911	0.0	0.714285731315612790	0.00337615	2
PREFLOP	LOW	LOW	0.153846159577369690	0.461538463830947880	0.153846159577369690	0.000000000000000000	0.00257052	0.00227045	0.0	0.538461565971374510	0.00275994	2
PREFLOP	LOW	LOW	0.285714298486709590	0.285714298486709590	0.285714298486709590	0.000000000000000000	0.00214266	0.00130362	0.0	0.142857149243354800	0.000455373	1
PREFLOP	LOW	LOW	0.000000000000000000	0.250000000000000000	0.750000000000000000	0.250000000000000000	0.00187537	0.0015509	0.0	0.000000000000000000	0	1
PREFLOP	LOW	LOW	0.100000001490116120	0.200000002980232240	0.500000000000000000	0.000000000000000000	0.00505872	0.00423819	0.0	0.400000005960464480	0.0158205	1
PREFLOP	LOW	LOW	0.250000000000000000	0.250000000000000000	0.000000000000000000	0.000000000000000000	0.00701325	0	0.0	0.500000000000000000	0.0122732	2
PREFLOP	LOW	LOW	0.068965516984462738	0.172413796186447140	0.379310339689254760	0.000000000000000000	0.00445458	0.00355487	0.0	0.517241358757019040	0.00573352	2
PREFLOP	LOW	LOW	0.000000000000000000	0.208333328366279600	0.166666671633720400	0.000000000000000000	0.00473008	0.00705152	0.0	0.833333313465118410	0.00351761	2
PREFLOP	LOW	LOW	0.000000000000000000	0.571428596973419190	0.428571432828903200	0.000000000000000000	0.00151042	0.00128412	0.0	0.571428596973419190	0.00270631	1
PREFLOP	LOW	LOW	0.142857149243354800	0.142857149243354800	0.000000000000000000	0.285714298486709590	0.0136071	0.0165928	0.0	0.571428596973419190	0.00949256	2
PREFLOP	LOW	LOW	0.062500000000000000	0.104166664183139800	0.125000000000000000	0.020833333954215050	0.00454752	0.00419637	0.0	0.729166686534881590	0.00509658	2
PREFLOP	LOW	LOW	0.000000000000000000	0.285714298486709590	0.285714298486709590	0.142857149243354800	0.0051664	0.00871362	0.0	0.714285731315612790	0.00933067	2
PREFLOP	LOW	LOW	0.064516127109527588	0.193548381328582760	0.258064508438110350	0.032258063554763794	0.00277965	0.00301605	0.0	0.580645143985748290	0.00507028	2
PREFLOP	LOW	LOW	0.083333335816860199	0.166666671633720400	0.416666656732559200	0.083333335816860199	0.00767006	0.011587	0.0	0.333333343267440800	0.00149981	1
PREFLOP	LOW	LOW	0.125000000000000000	0.125000000000000000	0.125000000000000000	0.125000000000000000	0.00375454	0.0022137	0.0	0.500000000000000000	0.00236522	2
PREFLOP	LOW	LOW	0.117647059261798860	0.294117659330368040	0.235294118523597720	0.000000000000000000	0.00276667	0.00161921	0.0	0.529411792755126950	0.00336469	2
PREFLOP	LOW	LOW	0.200000002980232240	0.333333343267440800	0.066666670143604279	0.133333340287208560	0.00257525	0.00311632	0.0	0.400000005960464480	0.0061414	2
PREFLOP	LOW	LOW	0.285714298486709590	0.285714298486709590	0.000000000000000000	0.000000000000000000	0.00833542	0.00738167	0.0	0.428571432828903200	0.0077264	2
PREFLOP	LOW	LOW	0.166666671633720400	0.250000000000000000	0.000000000000000000	0.000000000000000000	0.00240557	0.0016311	0.0	0.666666686534881590	0.00469113	2
PREFLOP	LOW	LOW	0.043478261679410934	0.217391297221183780	0.086956523358821869	0.043478261679410934	0.00307073	0.00496543	0.0	0.782608687877655030	0.00371493	2
PREFLOP	LOW	LOW	0.052631579339504242	0.263157904148101810	0.210526317358016970	0.000000000000000000	0.00432763	0.00466714	0.0	0.684210538864135740	0.00795495	2
PREFLOP	LOW	LOW	0.000000000000000000	0.357142865657806400	0.428571432828903200	0.000000000000000000	0.00184557	0.00153713	0.0	0.571428596973419190	0.00115503	1
PREFLOP	LOW	LOW	0.000000000000000000	0.352941185235977170	0.529411792755126950	0.117647059261798860	0.00340128	0.00476671	0.0	0.352941185235977170	0.00379569	1
PREFLOP	LOW	LOW	0.142857149243354800	0.142857149243354800	0.142857149243354800	0.000000000000000000	0.00276084	0.00093602	0.0	0.571428596973419190	0.00219961	2
PREFLOP	LOW	LOW	0.075000002980232239	0.200000002980232240	0.200000002980232240	0.062500000000000000	0.00300209	0.00344953	0.0	0.600000023841857910	0.00506899	2
PREFLOP	LOW	LOW	0.000000000000000000	0.000000000000000000	1.000000000000000000	0.000000000000000000	0.00848356	0	0.0	0.000000000000000000	0	1
PREFLOP	LOW	LOW	0.079365082085132599	0.158730164170265200	0.428571432828903200	0.000000000000000000	0.00310747	0.00534271	0.0	0.428571432828903200	0.00386312	1
PREFLOP	LOW	LOW	0.000000000000000000	0.000000000000000000	0.500000000000000000	0.000000000000000000	0.00868852	0.0030288	0.0	0.500000000000000000	0.00570005	1
PREFLOP	LOW	LOW	0.000000000000000000	0.000000000000000000	1.000000000000000000	0.000000000000000000	0.000835771	0	0.0	0.000000000000000000	0	1
PREFLOP	LOW	LOW	0.000000000000000000	0.066666670143604279	0.600000023841857910	0.000000000000000000	0.00361614	0.00356358	0.0	0.466666668653488160	0.00512383	1
PREFLOP	LOW	LOW	0.000000000000000000	0.400000005960464480	0.400000005960464480	0.000000000000000000	0.000977083	0.000749987	0.0	0.600000023841857910	0.00083708	2
PREFLOP	LOW	LOW	0.000000000000000000	0.000000000000000000	0.000000000000000000	0.000000000000000000	0	0	0.0	1.000000000000000000	0.00252799	2
PREFLOP	LOW	LOW	0.000000000000000000	0.000000000000000000	0.000000000000000000	0.000000000000000000	0	0	0.0	1.000000000000000000	0.00264837	2
PREFLOP	LOW	LOW	0.050000000745058060	0.250000000000000000	0.200000002980232240	0.100000001490116120	0.00489338	0.0085813	0.0	0.699999988079071040	0.00644631	2
PREFLOP	LOW	LOW	0.090909093618392944	0.272727280855178830	0.272727280855178830	0.000000000000000000	0.00238456	0.00188212	0.0	0.545454561710357670	0.00396132	2
PREFLOP	LOW	LOW	0.000000000000000000	0.166666671633720400	0.500000000000000000	0.000000000000000000	0.00504225	0.00285248	0.0	0.500000000000000000	0.00255279	1
PREFLOP	LOW	LOW	0.000000000000000000	0.250000000000000000	0.000000000000000000	0.000000000000000000	0.00354331	0.00118482	0.0	1.000000000000000000	0.00512901	2
PREFLOP	LOW	LOW	0.019230769947171211	0.211538463830947880	0.326923072338104250	0.038461539894342422	0.00370607	0.00430907	0.0	0.596153855323791500	0.0052628	2
PREFLOP	LOW	LOW	0.043478261679410934	0.326086968183517460	0.434782594442367550	0.021739130839705467	0.00396964	0.00495737	0.0	0.456521749496459960	0.00326611	1
PREFLOP	LOW	LOW	0.000000000000000000	0.000000000000000000	0.000000000000000000	0.000000000000000000	0	0	0.0	1.000000000000000000	0.00252583	2
PREFLOP	LOW	LOW	0.000000000000000000	1.000000000000000000	1.000000000000000000	0.000000000000000000	0.00381033	0.00269431	0.0	0.000000000000000000	0	1
PREFLOP	LOW	LOW	0.056818183511495590	0.272727280855178830	0.420454531908035280	0.045454546809196472	0.00309312	0.00259508	0.0	0.420454531908035280	0.00427768	1
PREFLOP	LOW	LOW	0.086956523358821869	0.289855062961578370	0.217391297221183780	0.072463765740394592	0.0022562	0.00215845	0.0	0.550724625587463380	0.00332972	2
PREFLOP	LOW	LOW	0.066666670143604279	0.271794885396957400	0.389743596315383910	0.020512821152806282	0.00283875	0.0032689	0.0	0.466666668653488160	0.00609675	1
PREFLOP	LOW	LOW	0.090909093618392944	0.181818187236785890	0.363636374473571780	0.000000000000000000	0.00165132	0.00113542	0.0	0.454545468091964720	0.00305072	1
PREFLOP	LOW	LOW	0.000000000000000000	0.000000000000000000	0.428571432828903200	0.000000000000000000	0.0088923	0.007007	0.0	0.571428596973419190	0.0073484	2
PREFLOP	LOW	LOW	0.000000000000000000	0.500000000000000000	0.500000000000000000	0.000000000000000000	0.00631003	0.004576	0.0	0.500000000000000000	0.00775868	1
PREFLOP	LOW	LOW	0.000000000000000000	0.000000000000000000	0.500000000000000000	0.000000000000000000	0.000802568	0	0.0	0.500000000000000000	0.000400641	1
PREFLOP	LOW	LOW	0.111111111938953400	0.111111111938953400	0.333333343267440800	0.000000000000000000	0.01133	0.0100561	0.0	0.555555582046508790	0.00409626	2
PREFLOP	LOW	LOW	0.086956523358821869	0.130434781312942500	0.173913046717643740	0.000000000000000000	0.00335154	0.00309441	0.0	0.695652186870574950	0.00621109	2
PREFLOP	LOW	LOW	0.000000000000000000	0.500000000000000000	0.000000000000000000	0.000000000000000000	0.000523286	0	0.0	1.000000000000000000	0.0157167	2
PREFLOP	LOW	LOW	0.000000000000000000	0.000000000000000000	0.666666686534881590	0.000000000000000000	0.00167723	0.000562407	0.0	0.333333343267440800	0.00111669	1
PREFLOP	LOW	LOW	0.000000000000000000	0.117647059261798860	0.235294118523597720	0.000000000000000000	0.00108612	0.000945656	0.0	0.823529422283172610	0.00288764	2
PREFLOP	LOW	LOW	0.000000000000000000	0.125000000000000000	0.500000000000000000	0.375000000000000000	0.00314193	0.0035855	0.0	0.375000000000000000	0.00515697	1
PREFLOP	LOW	LOW	0.066666670143604279	0.133333340287208560	0.466666668653488160	0.000000000000000000	0.0021727	0.00293307	0.0	0.400000005960464480	0.000892366	1
PREFLOP	LOW	LOW	0.000000000000000000	0.142857149243354800	0.642857134342193600	0.000000000000000000	0.00397986	0.00579958	0.0	0.428571432828903200	0.00418396	1
PREFLOP	LOW	LOW	0.000000000000000000	0.083333335816860199	0.083333335816860199	0.083333335816860199	0.00235455	0.00221243	0.0	0.875000000000000000	0.00436414	2
PREFLOP	LOW	LOW	0.000000000000000000	0.375000000000000000	0.625000000000000000	0.125000000000000000	0.002059	0.00298806	0.0	0.375000000000000000	0.00396624	1
PREFLOP	LOW	LOW	0.039999999105930328	0.079999998211860657	0.239999994635581970	0.119999997317790990	0.0022768	0.00168974	0.0	0.639999985694885250	0.00377221	2
PREFLOP	LOW	LOW	0.050000000745058060	0.125000000000000000	0.150000005960464480	0.000000000000000000	0.00272189	0.0020964	0.0	0.750000000000000000	0.00544369	2
PREFLOP	LOW	LOW	0.057851240038871765	0.198347106575965880	0.066115699708461761	0.041322313249111176	0.00227705	0.00285246	0.0	0.785123944282531740	0.00463644	2
PREFLOP	LOW	LOW	0.055555555969476700	0.333333343267440800	0.388888895511627200	0.055555555969476700	0.00432991	0.010153	0.0	0.444444447755813600	0.00377372	1
PREFLOP	LOW	LOW	0.142857149243354800	0.285714298486709590	0.000000000000000000	0.000000000000000000	0.00237606	0.00209821	0.0	0.714285731315612790	0.00826948	2
PREFLOP	LOW	LOW	0.040816325694322586	0.193877547979354860	0.214285716414451600	0.000000000000000000	0.00314274	0.00313743	0.0	0.704081654548645020	0.00707589	2
PREFLOP	LOW	LOW	0.076923079788684845	0.307692319154739380	0.000000000000000000	0.000000000000000000	0.00290884	0.00306273	0.0	0.846153855323791500	0.0036495	2
PREFLOP	LOW	LOW	0.045454546809196472	0.136363640427589420	0.181818187236785890	0.000000000000000000	0.00394395	0.00454315	0.0	0.727272748947143550	0.00324691	2
PREFLOP	LOW	LOW	0.000000000000000000	0.166666671633720400	0.166666671633720400	0.000000000000000000	0.0031768	0.00192524	0.0	0.833333313465118410	0.00436433	2
PREFLOP	LOW	LOW	0.081632651388645172	0.285714298486709590	0.469387769699096680	0.081632651388645172	0.00335917	0.00281788	0.0	0.306122452020645140	0.00423634	1
PREFLOP	LOW	LOW	0.071428574621677399	0.142857149243354800	0.285714298486709590	0.142857149243354800	0.00457308	0.00349693	0.0	0.428571432828903200	0.00447213	1
PREFLOP	LOW	LOW	0.000000000000000000	0.000000000000000000	0.500000000000000000	0.250000000000000000	0.0067797	0.00797983	0.0	0.500000000000000000	0.00548097	1
PREFLOP	LOW	LOW	0.000000000000000000	0.000000000000000000	0.000000000000000000	0.000000000000000000	0	0	0.0	1.000000000000000000	0.00309423	2
PREFLOP	LOW	LOW	0.069767445325851440	0.279069781303405760	0.325581401586532590	0.023255813866853714	0.00302222	0.00309765	0.0	0.511627912521362300	0.00593824	2
PREFLOP	LOW	LOW	0.083333335816860199	0.291666656732559200	0.312500000000000000	0.000000000000000000	0.00417331	0.00642244	0.0	0.520833313465118410	0.00513865	2
PREFLOP	LOW	LOW	0.166666671633720400	0.250000000000000000	0.166666671633720400	0.000000000000000000	0.00136908	0.00081476	0.0	0.500000000000000000	0.00252684	2
PREFLOP	LOW	LOW	0.066666670143604279	0.266666680574417110	0.566666662693023680	0.066666670143604279	0.00360156	0.00389124	0.0	0.233333334326744080	0.00394879	1
PREFLOP	LOW	LOW	0.000000000000000000	0.250000000000000000	0.250000000000000000	0.000000000000000000	0.00207182	0.001465	0.0	0.750000000000000000	0.00593132	2
PREFLOP	LOW	LOW	0.052083332091569901	0.145833328366279600	0.187500000000000000	0.062500000000000000	0.00455283	0.00441256	0.0	0.645833313465118410	0.00413991	2
PREFLOP	LOW	LOW	0.000000000000000000	0.000000000000000000	0.000000000000000000	0.000000000000000000	0	0	0.0	1.000000000000000000	0.00214706	2
PREFLOP	LOW	LOW	0.033333335071802139	0.200000002980232240	0.233333334326744080	0.033333335071802139	0.00471858	0.00340053	0.0	0.666666686534881590	0.00330939	2
PREFLOP	LOW	LOW	0.000000000000000000	0.500000000000000000	0.000000000000000000	0.000000000000000000	0.0010543	0	0.0	1.000000000000000000	0.000861498	2
PREFLOP	LOW	LOW	0.000000000000000000	0.428571432828903200	0.285714298486709590	0.000000000000000000	0.00304191	0.00275582	0.0	0.714285731315612790	0.00795307	2
PREFLOP	LOW	LOW	0.000000000000000000	0.666666686534881590	0.666666686534881590	0.000000000000000000	0.00106717	0.000896003	0.0	0.333333343267440800	0.00304723	1
PREFLOP	LOW	LOW	0.000000000000000000	0.217391297221183780	0.130434781312942500	0.043478261679410934	0.00204427	0.00140768	0.0	0.826086938381195070	0.00405688	2
PREFLOP	LOW	LOW	0.000000000000000000	0.250000000000000000	0.150000005960464480	0.100000001490116120	0.00233906	0.00267232	0.0	0.750000000000000000	0.00447237	2
PREFLOP	LOW	LOW	0.000000000000000000	0.250000000000000000	0.250000000000000000	0.000000000000000000	0.00290084	0.00205121	0.0	0.750000000000000000	0.0119062	2
PREFLOP	LOW	LOW	0.040816325694322586	0.204081639647483830	0.571428596973419190	0.000000000000000000	0.00436267	0.00573099	0.0	0.469387769699096680	0.00798898	1
PREFLOP	LOW	LOW	0.000000000000000000	0.500000000000000000	0.500000000000000000	0.000000000000000000	0.00526957	0.00372615	0.0	0.500000000000000000	0.00351425	1
PREFLOP	LOW	LOW	0.000000000000000000	0.000000000000000000	1.000000000000000000	0.000000000000000000	0.0172011	0	0.0	0.000000000000000000	0	1
PREFLOP	LOW	LOW	0.090909093618392944	0.272727280855178830	0.090909093618392944	0.000000000000000000	0.00729669	0.0113189	0.0	0.727272748947143550	0.00283594	2
PREFLOP	LOW	LOW	0.000000000000000000	0.500000000000000000	1.000000000000000000	0.000000000000000000	0.000477043	0.000194753	0.0	0.000000000000000000	0	1
PREFLOP	LOW	LOW	0.000000000000000000	0.000000000000000000	0.250000000000000000	0.000000000000000000	0.0198074	0	0.0	0.750000000000000000	0.00450949	2
PREFLOP	LOW	LOW	0.066666670143604279	0.200000002980232240	0.200000002980232240	0.000000000000000000	0.00661418	0.00502116	0.0	0.666666686534881590	0.00465493	2
PREFLOP	LOW	LOW	0.058823529630899429	0.264705896377563480	0.500000000000000000	0.000000000000000000	0.00345379	0.00317743	0.0	0.411764711141586300	0.00344242	1
PREFLOP	LOW	LOW	0.058823529630899429	0.117647059261798860	0.294117659330368040	0.000000000000000000	0.00307602	0.00397101	0.0	0.647058844566345210	0.00641506	2
PREFLOP	LOW	LOW	0.000000000000000000	0.250000000000000000	0.125000000000000000	0.000000000000000000	0.00400708	0.00427159	0.0	0.875000000000000000	0.00389293	2
PREFLOP	LOW	LOW	0.100000001490116120	0.100000001490116120	0.500000000000000000	0.200000002980232240	0.00321093	0.00335792	0.0	0.100000001490116120	0.00568182	1
PREFLOP	LOW	LOW	0.000000000000000000	0.000000000000000000	0.000000000000000000	0.000000000000000000	0	0	0.0	1.000000000000000000	0.00184637	2
PREFLOP	LOW	LOW	0.000000000000000000	0.111111111938953400	0.000000000000000000	0.000000000000000000	0.00139324	0	0.0	1.000000000000000000	0.00297144	2
PREFLOP	LOW	LOW	0.250000000000000000	0.500000000000000000	0.500000000000000000	0.000000000000000000	0.00253803	0.00175318	0.0	0.000000000000000000	0	1
PREFLOP	LOW	LOW	0.000000000000000000	0.000000000000000000	0.000000000000000000	0.000000000000000000	0	0	0.0	1.000000000000000000	0.000471476	2
PREFLOP	LOW	LOW	0.000000000000000000	0.166666671633720400	0.000000000000000000	0.000000000000000000	0.000277855	0	0.0	1.000000000000000000	0.00201426	2
PREFLOP	LOW	LOW	0.000000000000000000	0.333333343267440800	0.333333343267440800	0.333333343267440800	0.00243026	0.00104998	0.0	0.333333343267440800	0.000350508	1
PREFLOP	LOW	LOW	0.000000000000000000	0.250000000000000000	0.250000000000000000	0.000000000000000000	0.00281043	0.00179905	0.0	0.750000000000000000	0.00677118	2
PREFLOP	LOW	LOW	0.038461539894342422	0.307692319154739380	0.230769231915473940	0.038461539894342422	0.0039456	0.00832906	0.0	0.653846144676208500	0.00658723	2
PREFLOP	LOW	LOW	0.000000000000000000	0.166666671633720400	0.166666671633720400	0.111111111938953400	0.00222224	0.00228336	0.0	0.777777791023254390	0.00320377	2
PREFLOP	LOW	LOW	0.200000002980232240	0.300000011920928960	0.300000011920928960	0.000000000000000000	0.000835905	0.000525115	0.0	0.300000011920928960	0.00308882	1
PREFLOP	LOW	LOW	0.047619048506021500	0.142857149243354800	0.142857149243354800	0.000000000000000000	0.00504024	0.00475554	0.0	0.761904776096343990	0.0055058	2
PREFLOP	LOW	LOW	0.000000000000000000	0.400000005960464480	0.400000005960464480	0.000000000000000000	0.00151335	0.00136798	0.0	0.600000023841857910	0.00567701	2
PREFLOP	LOW	LOW	0.000000000000000000	0.125000000000000000	0.125000000000000000	0.125000000000000000	0.0134746	0.0143571	0.0	0.750000000000000000	0.0112504	2
PREFLOP	LOW	LOW	0.200000002980232240	0.200000002980232240	0.000000000000000000	0.000000000000000000	0.00111359	0	0.0	0.600000023841857910	0.00419265	2
PREFLOP	LOW	LOW	0.086956523358821869	0.260869562625885010	0.282608687877655030	0.000000000000000000	0.0024918	0.00192106	0.0	0.543478250503540040	0.00425116	2
PREFLOP	LOW	LOW	0.083333335816860199	0.083333335816860199	0.083333335816860199	0.166666671633720400	0.00573876	0.0063509	0.0	0.583333313465118410	0.00500515	2
PREFLOP	LOW	LOW	0.000000000000000000	0.166666671633720400	0.000000000000000000	0.000000000000000000	0.000834028	0	0.0	1.000000000000000000	0.00312223	2
PREFLOP	LOW	LOW	0.061224490404129028	0.204081639647483830	0.306122452020645140	0.020408162847161293	0.00230339	0.00195256	0.0	0.571428596973419190	0.00464155	2
PREFLOP	LOW	LOW	0.000000000000000000	0.000000000000000000	0.000000000000000000	0.000000000000000000	0	0	0.0	1.000000000000000000	0.00095648	2
PREFLOP	LOW	LOW	0.033898305147886276	0.220338985323905940	0.288135588169097900	0.016949152573943138	0.00327675	0.00481164	0.0	0.627118647098541260	0.00441726	2
PREFLOP	LOW	LOW	0.000000000000000000	0.238095238804817200	0.333333343267440800	0.238095238804817200	0.00535022	0.00815639	0.0	0.476190477609634400	0.00284314	1
PREFLOP	LOW	LOW	0.000000000000000000	1.000000000000000000	0.000000000000000000	0.000000000000000000	0.000714796	0	0.0	1.000000000000000000	0.000718907	2
PREFLOP	LOW	LOW	0.052631579339504242	0.184210523962974550	0.105263158679008480	0.052631579339504242	0.00711542	0.00781856	0.0	0.736842095851898190	0.00532926	2
PREFLOP	LOW	LOW	0.000000000000000000	0.000000000000000000	0.000000000000000000	0.000000000000000000	0	0	0.0	1.000000000000000000	0.00295121	2
PREFLOP	LOW	LOW	0.125000000000000000	0.324999988079071040	0.200000002980232240	0.000000000000000000	0.00358944	0.00432162	0.0	0.550000011920928960	0.0043386	2
PREFLOP	LOW	LOW	0.250000000000000000	0.250000000000000000	0.500000000000000000	0.000000000000000000	0.0026146	0.00140023	0.0	0.000000000000000000	0	1
PREFLOP	LOW	LOW	0.052631579339504242	0.184210523962974550	0.184210523962974550	0.026315789669752121	0.00483206	0.00657431	0.0	0.710526287555694580	0.00553415	2
PREFLOP	LOW	LOW	0.000000000000000000	0.000000000000000000	0.000000000000000000	0.000000000000000000	0	0	0.0	1.000000000000000000	0.00236263	2
PREFLOP	LOW	LOW	0.000000000000000000	0.200000002980232240	0.400000005960464480	0.066666670143604279	0.0025193	0.00288425	0.0	0.600000023841857910	0.00192674	2
PREFLOP	LOW	LOW	0.200000002980232240	0.200000002980232240	0.300000011920928960	0.000000000000000000	0.00927273	0.00421434	0.0	0.300000011920928960	0.00229568	1
PREFLOP	LOW	LOW	0.000000000000000000	0.000000000000000000	0.500000000000000000	0.000000000000000000	0.00749064	0	0.0	0.500000000000000000	0.0018315	1
PREFLOP	LOW	LOW	0.000000000000000000	1.000000000000000000	1.000000000000000000	0.000000000000000000	0.00189251	0.0013382	0.0	0.000000000000000000	0	1
PREFLOP	LOW	LOW	0.111111111938953400	0.222222223877906800	0.444444447755813600	0.000000000000000000	0.00147267	0.000982098	0.0	0.333333343267440800	0.00406972	1
PREFLOP	LOW	LOW	0.000000000000000000	0.000000000000000000	1.000000000000000000	0.000000000000000000	0.00302877	0	0.0	0.000000000000000000	0	1
PREFLOP	LOW	LOW	0.000000000000000000	0.333333343267440800	0.000000000000000000	0.166666671633720400	0.00492017	0.00496332	0.0	0.833333313465118410	0.00289642	2
PREFLOP	LOW	LOW	0.086956523358821869	0.130434781312942500	0.130434781312942500	0.000000000000000000	0.00633684	0.00795283	0.0	0.695652186870574950	0.00484291	2
PREFLOP	LOW	LOW	0.000000000000000000	0.333333343267440800	0.000000000000000000	0.000000000000000000	0.00111235	0	0.0	1.000000000000000000	0.00191903	2
PREFLOP	LOW	LOW	0.000000000000000000	0.181818187236785890	0.272727280855178830	0.181818187236785890	0.00346964	0.00364896	0.0	0.636363625526428220	0.00433316	2
PREFLOP	LOW	LOW	0.100000001490116120	0.300000011920928960	0.100000001490116120	0.100000001490116120	0.00243469	0.00211095	0.0	0.600000023841857910	0.00223472	2
PREFLOP	LOW	LOW	0.000000000000000000	0.142857149243354800	0.285714298486709590	0.000000000000000000	0.00118438	0.000687584	0.0	0.714285731315612790	0.00398443	2
PREFLOP	LOW	LOW	0.000000000000000000	0.375000000000000000	0.375000000000000000	0.000000000000000000	0.00361907	0.00374562	0.0	0.625000000000000000	0.00356061	2
PREFLOP	LOW	LOW	0.000000000000000000	0.000000000000000000	0.250000000000000000	0.000000000000000000	0.000455166	0	0.0	0.750000000000000000	0.00793611	2
PREFLOP	LOW	LOW	0.200000002980232240	0.314285725355148320	0.314285725355148320	0.000000000000000000	0.00307432	0.0043002	0.0	0.285714298486709590	0.00287241	1
PREFLOP	LOW	LOW	0.000000000000000000	0.181818187236785890	0.272727280855178830	0.000000000000000000	0.00308817	0.00263433	0.0	0.727272748947143550	0.00315826	2
PREFLOP	LOW	LOW	0.000000000000000000	0.333333343267440800	0.666666686534881590	0.000000000000000000	0.00405281	0.00285248	0.0	0.333333343267440800	0.00363195	1
PREFLOP	LOW	LOW	0.200000002980232240	0.200000002980232240	0.400000005960464480	0.000000000000000000	0.00214511	0.00115946	0.0	0.200000002980232240	0.0018315	1
PREFLOP	LOW	LOW	0.000000000000000000	0.000000000000000000	0.000000000000000000	0.000000000000000000	0	0	0.0	1.000000000000000000	0.00365336	2
PREFLOP	LOW	LOW	0.103448279201984410	0.183908045291900630	0.160919547080993650	0.011494252830743790	0.00448811	0.00751119	0.0	0.632183909416198730	0.00474536	2
PREFLOP	LOW	LOW	0.096774190664291382	0.258064508438110350	0.451612889766693120	0.032258063554763794	0.00486635	0.00479741	0.0	0.322580635547637940	0.00348764	1
PREFLOP	LOW	LOW	0.000000000000000000	0.000000000000000000	1.000000000000000000	1.000000000000000000	0.0117135	0.00828271	0.0	0.000000000000000000	0	1
PREFLOP	LOW	LOW	0.000000000000000000	0.000000000000000000	0.333333343267440800	0.000000000000000000	0.00224467	0	0.0	0.666666686534881590	0.00224341	2
PREFLOP	LOW	LOW	0.000000000000000000	0.333333343267440800	0.000000000000000000	0.000000000000000000	0.000277855	0	0.0	1.000000000000000000	0.00220286	2
PREFLOP	LOW	LOW	0.091603055596351624	0.183206111192703250	0.122137404978275300	0.053435113281011581	0.00467049	0.00574754	0.0	0.656488537788391110	0.00485822	2
PREFLOP	LOW	LOW	0.038461539894342422	0.192307695746421810	0.307692319154739380	0.000000000000000000	0.00147252	0.00116017	0.0	0.653846144676208500	0.00352204	2
PREFLOP	LOW	LOW	0.000000000000000000	0.000000000000000000	0.000000000000000000	0.000000000000000000	0	0	0.0	1.000000000000000000	0.000771903	2
PREFLOP	LOW	LOW	0.054545454680919647	0.218181818723678590	0.236363634467124940	0.000000000000000000	0.00224188	0.00213997	0.0	0.672727286815643310	0.00448404	2
PREFLOP	LOW	LOW	0.000000000000000000	0.136363640427589420	0.227272734045982360	0.000000000000000000	0.0023705	0.00221535	0.0	0.772727251052856450	0.00428634	2
PREFLOP	LOW	LOW	0.000000000000000000	0.333333343267440800	0.000000000000000000	0.166666671633720400	0.00540522	0.00662138	0.0	0.833333313465118410	0.0014332	2
PREFLOP	LOW	LOW	0.130434781312942500	0.260869562625885010	0.130434781312942500	0.000000000000000000	0.0015839	0.00120903	0.0	0.608695626258850100	0.00280503	2
PREFLOP	LOW	LOW	0.121212124824523930	0.242424249649047850	0.181818187236785890	0.060606062412261963	0.00405997	0.00352881	0.0	0.515151500701904300	0.00400193	2
PREFLOP	LOW	LOW	0.076923079788684845	0.230769231915473940	0.307692319154739380	0.076923079788684845	0.00224466	0.00262288	0.0	0.538461565971374510	0.00475518	2
PREFLOP	LOW	LOW	0.000000000000000000	0.222222223877906800	0.277777791023254390	0.000000000000000000	0.00774418	0.0109536	0.0	0.722222208976745610	0.00554935	2
PREFLOP	LOW	LOW	0.031250000000000000	0.093750000000000000	0.375000000000000000	0.031250000000000000	0.0035042	0.00299687	0.0	0.531250000000000000	0.00339906	2
PREFLOP	LOW	LOW	0.000000000000000000	0.142857149243354800	0.285714298486709590	0.000000000000000000	0.00221358	0.00187009	0.0	0.714285731315612790	0.0113981	2
PREFLOP	LOW	LOW	0.125000000000000000	0.125000000000000000	0.125000000000000000	0.000000000000000000	0.00354623	0.000249637	0.0	0.625000000000000000	0.00812156	2
PREFLOP	LOW	LOW	0.000000000000000000	0.363636374473571780	0.272727280855178830	0.000000000000000000	0.00152937	0.00143905	0.0	0.727272748947143550	0.00309232	2
PREFLOP	LOW	LOW	0.000000000000000000	0.200000002980232240	0.300000011920928960	0.000000000000000000	0.00630185	0.00797017	0.0	0.699999988079071040	0.00370796	2
PREFLOP	LOW	LOW	0.076923079788684845	0.288461536169052120	0.480769217014312740	0.057692307978868484	0.00554005	0.0131868	0.0	0.307692319154739380	0.00650754	1
PREFLOP	LOW	LOW	0.000000000000000000	0.384615391492843630	0.384615391492843630	0.000000000000000000	0.00493938	0.00766781	0.0	0.615384638309478760	0.003633	2
PREFLOP	LOW	LOW	0.000000000000000000	0.241379305720329280	0.310344815254211430	0.000000000000000000	0.00317502	0.00396735	0.0	0.689655184745788570	0.00359116	2
PREFLOP	LOW	LOW	0.000000000000000000	0.500000000000000000	0.000000000000000000	0.000000000000000000	0.000834106	0.000278241	0.0	1.000000000000000000	0.00372091	2
PREFLOP	LOW	LOW	0.000000000000000000	0.000000000000000000	1.000000000000000000	0.000000000000000000	0.00510204	0	0.0	0.000000000000000000	0	1
PREFLOP	LOW	LOW	0.066666670143604279	0.177777782082557680	0.200000002980232240	0.000000000000000000	0.00184915	0.00203196	0.0	0.711111128330230710	0.00749395	2
PREFLOP	LOW	LOW	0.100000001490116120	0.300000011920928960	0.100000001490116120	0.000000000000000000	0.0014492	0.00104042	0.0	0.699999988079071040	0.00573035	2
PREFLOP	LOW	LOW	0.000000000000000000	0.100000001490116120	0.000000000000000000	0.000000000000000000	0.000696136	0	0.0	1.000000000000000000	0.00312658	2
PREFLOP	LOW	LOW	0.000000000000000000	0.000000000000000000	0.000000000000000000	0.000000000000000000	0	0	0.0	1.000000000000000000	0.00244697	2
PREFLOP	LOW	LOW	0.000000000000000000	0.000000000000000000	0.000000000000000000	0.000000000000000000	0	0	0.0	1.000000000000000000	0.00404533	2
PREFLOP	LOW	LOW	0.000000000000000000	1.000000000000000000	1.000000000000000000	0.000000000000000000	0.00163687	0.00115744	0.0	0.000000000000000000	0	1
PREFLOP	LOW	LOW	0.090909093618392944	0.272727280855178830	0.045454546809196472	0.045454546809196472	0.0024916	0.00155955	0.0	0.727272748947143550	0.00346665	2
PREFLOP	LOW	LOW	0.068965516984462738	0.241379305720329280	0.206896558403968810	0.000000000000000000	0.00270577	0.00201103	0.0	0.655172407627105710	0.00588879	2
PREFLOP	LOW	LOW	0.000000000000000000	0.400000005960464480	0.800000011920928960	0.000000000000000000	0.00187865	0.00149386	0.0	0.200000002980232240	0.0023753	1
PREFLOP	LOW	LOW	0.094594597816467285	0.202702701091766360	0.243243247270584110	0.054054055362939835	0.00373533	0.00400393	0.0	0.527027010917663570	0.00611133	2
PREFLOP	LOW	LOW	0.072164945304393768	0.154639169573783870	0.340206176042556760	0.020618556067347527	0.00387838	0.00412581	0.0	0.505154609680175780	0.00580394	2
PREFLOP	LOW	LOW	0.000000000000000000	0.000000000000000000	0.000000000000000000	0.000000000000000000	0	0	0.0	1.000000000000000000	0.00353045	2
PREFLOP	LOW	LOW	0.083333335816860199	0.166666671633720400	0.250000000000000000	0.000000000000000000	0.00192785	0.00132846	0.0	0.583333313465118410	0.00414269	2
PREFLOP	LOW	LOW	0.000000000000000000	0.250000000000000000	0.250000000000000000	0.000000000000000000	0.00776096	0.00548783	0.0	0.750000000000000000	0.00494598	2
PREFLOP	LOW	LOW	0.200000002980232240	0.400000005960464480	0.400000005960464480	0.000000000000000000	0.00263354	0.00281509	0.0	0.200000002980232240	0.0211544	1
PREFLOP	LOW	LOW	0.074074074625968933	0.185185179114341740	0.296296298503875730	0.000000000000000000	0.0010797	0.00100115	0.0	0.555555582046508790	0.00438553	2
PREFLOP	LOW	LOW	0.000000000000000000	0.333333343267440800	0.555555582046508790	0.000000000000000000	0.00167325	0.00151126	0.0	0.555555582046508790	0.00284851	1
PREFLOP	LOW	LOW	0.000000000000000000	0.000000000000000000	1.000000000000000000	1.000000000000000000	0.00179617	0.00127008	0.0	0.000000000000000000	0	1
PREFLOP	LOW	LOW	0.000000000000000000	0.166666671633720400	0.333333343267440800	0.166666671633720400	0.00115545	0.000926627	0.0	0.500000000000000000	0.00211651	2
PREFLOP	LOW	LOW	0.500000000000000000	0.500000000000000000	0.000000000000000000	0.000000000000000000	0.00142755	0	0.0	0.000000000000000000	0	1
PREFLOP	LOW	LOW	0.000000000000000000	0.000000000000000000	0.000000000000000000	0.000000000000000000	0	0	0.0	1.000000000000000000	0.00862999	2
PREFLOP	LOW	LOW	0.050000000745058060	0.349999994039535520	0.500000000000000000	0.050000000745058060	0.0042726	0.00383801	0.0	0.349999994039535520	0.00452174	1
PREFLOP	LOW	LOW	0.000000000000000000	0.000000000000000000	0.000000000000000000	0.000000000000000000	0	0	0.0	1.000000000000000000	0.00297571	2
PREFLOP	LOW	LOW	0.000000000000000000	0.333333343267440800	0.666666686534881590	0.000000000000000000	0.00302926	0.00219485	0.0	0.333333343267440800	0.000713394	1
PREFLOP	LOW	LOW	0.090909093618392944	0.159090906381607060	0.250000000000000000	0.000000000000000000	0.00249484	0.00266995	0.0	0.590909063816070560	0.00695305	2
PREFLOP	LOW	LOW	0.000000000000000000	0.000000000000000000	0.000000000000000000	0.000000000000000000	0	0	0.0	1.000000000000000000	0.00489896	2
PREFLOP	LOW	LOW	0.000000000000000000	0.400000005960464480	0.300000011920928960	0.100000001490116120	0.00285691	0.0023976	0.0	0.600000023841857910	0.00446453	2
PREFLOP	LOW	LOW	0.000000000000000000	0.666666686534881590	0.666666686534881590	0.000000000000000000	0.00922931	0.00653609	0.0	0.333333343267440800	0.0046729	1
PREFLOP	LOW	LOW	0.000000000000000000	0.400000005960464480	0.800000011920928960	0.200000002980232240	0.00353817	0.0033902	0.0	0.000000000000000000	0	1
PREFLOP	LOW	LOW	0.022222222760319710	0.133333340287208560	0.244444444775581360	0.122222222387790680	0.00435337	0.00562257	0.0	0.588888883590698240	0.00689505	2
