Phase	Pot%	Stack%	Check%	Bet%	Call%	Raise%	AvgBetAmt	AvgBetStdDev	AllIn%	Fold%	AvgFoldAmt	cluster
PREFLOP FLOP TURN RIVER	LOW MEDIUM	LOW HIGH MEDIUM	continuous	continuous	continuous	continuous	continuous	continuous	continuous	continuous	continuous	1 2 3 4 5
												class
PREFLOP	LOW	MEDIUM	0.000000000000000000	0.500000000000000000	1.000000000000000000	0.000000000000000000	0.00302964	0.00326372	0.0	0.000000000000000000	0	2
PREFLOP	LOW	MEDIUM	0.000000000000000000	0.000000000000000000	0.777777791023254390	0.000000000000000000	0.00517703	0.00379386	0.0	0.222222223877906800	0.00308736	2
PREFLOP	LOW	MEDIUM	0.100000001490116120	0.275000005960464480	0.524999976158142090	0.025000000372529030	0.00512728	0.00521794	0.0	0.275000005960464480	0.00472775	5
PREFLOP	LOW	MEDIUM	0.000000000000000000	1.000000000000000000	1.000000000000000000	0.000000000000000000	0.0166667	0.0117851	0.0	0.000000000000000000	0	2
PREFLOP	LOW	MEDIUM	0.085714288055896759	0.285714298486709590	0.457142859697341920	0.000000000000000000	0.00443951	0.00474896	0.0	0.371428579092025760	0.00407343	5
PREFLOP	LOW	MEDIUM	0.150000005960464480	0.150000005960464480	0.500000000000000000	0.000000000000000000	0.00454164	0.00366062	0.0	0.200000002980232240	0.00191533	5
PREFLOP	LOW	MEDIUM	0.222222223877906800	0.333333343267440800	0.055555555969476700	0.000000000000000000	0.00317595	0.00241951	0.0	0.500000000000000000	0.00721511	4
PREFLOP	LOW	MEDIUM	0.153846159577369690	0.230769231915473940	0.461538463830947880	0.000000000000000000	0.00315562	0.00204857	0.0	0.230769231915473940	0.00445123	5
PREFLOP	LOW	MEDIUM	0.000000000000000000	0.000000000000000000	1.000000000000000000	0.000000000000000000	0.00406504	0	0.0	0.000000000000000000	0	2
PREFLOP	LOW	MEDIUM	0.000000000000000000	0.000000000000000000	0.750000000000000000	0.000000000000000000	0.00666734	0.00154981	0.0	0.250000000000000000	0.00269542	2
PREFLOP	LOW	MEDIUM	0.066666670143604279	0.333333343267440800	0.266666680574417110	0.000000000000000000	0.00345372	0.00437291	0.0	0.600000023841857910	0.00600113	5
PREFLOP	LOW	MEDIUM	0.000000000000000000	0.000000000000000000	0.500000000000000000	0.000000000000000000	0.00368324	0	0.0	0.500000000000000000	0.00182983	5
PREFLOP	LOW	MEDIUM	0.000000000000000000	0.000000000000000000	1.000000000000000000	0.000000000000000000	0.00394721	0	0.0	0.000000000000000000	0	2
PREFLOP	LOW	MEDIUM	0.000000000000000000	0.000000000000000000	0.000000000000000000	0.000000000000000000	0	0	0.0	1.000000000000000000	0.00154879	3
PREFLOP	LOW	MEDIUM	0.181818187236785890	0.363636374473571780	0.000000000000000000	0.000000000000000000	0.000899639	0.00105244	0.0	0.636363625526428220	0.0027677	3
PREFLOP	LOW	MEDIUM	0.000000000000000000	0.000000000000000000	1.000000000000000000	0.000000000000000000	0.016024	0	0.0	0.000000000000000000	0	2
PREFLOP	LOW	MEDIUM	0.000000000000000000	0.000000000000000000	0.666666686534881590	0.000000000000000000	0.00508486	0.00171786	0.0	0.333333343267440800	0.0512295	5
PREFLOP	LOW	MEDIUM	0.000000000000000000	0.000000000000000000	0.000000000000000000	1.000000000000000000	0.106361	0	0.0	0.000000000000000000	0	1
PREFLOP	LOW	MEDIUM	0.142857149243354800	0.142857149243354800	0.142857149243354800	0.000000000000000000	0.00309598	4.79254e-006	0.0	0.571428596973419190	0.00223393	3
PREFLOP	LOW	MEDIUM	0.000000000000000000	0.000000000000000000	0.000000000000000000	0.000000000000000000	0	0	0.0	1.000000000000000000	0.0352796	3
PREFLOP	LOW	MEDIUM	0.000000000000000000	0.200000002980232240	0.800000011920928960	0.200000002980232240	0.00634601	0.00760861	0.0	0.000000000000000000	0	2
PREFLOP	LOW	MEDIUM	0.000000000000000000	0.090909093618392944	0.545454561710357670	0.000000000000000000	0.00707042	0.00531082	0.0	0.454545468091964720	0.00416541	5
PREFLOP	LOW	MEDIUM	0.142857149243354800	0.571428596973419190	0.428571432828903200	0.000000000000000000	0.00816414	0.0160723	0.0	0.285714298486709590	0.00202609	5
PREFLOP	LOW	MEDIUM	0.000000000000000000	0.214285716414451600	0.500000000000000000	0.000000000000000000	0.00395046	0.00260487	0.0	0.500000000000000000	0.00711756	5
PREFLOP	LOW	MEDIUM	0.000000000000000000	0.000000000000000000	0.000000000000000000	0.000000000000000000	0	0	0.0	1.000000000000000000	0.00404505	3
PREFLOP	LOW	MEDIUM	0.200000002980232240	0.200000002980232240	0.000000000000000000	0.200000002980232240	0.0134539	0.0109694	0.0	0.400000005960464480	0.00996531	5
PREFLOP	LOW	MEDIUM	0.076923079788684845	0.307692319154739380	0.461538463830947880	0.000000000000000000	0.00479836	0.00424684	0.0	0.461538463830947880	0.0029391	5
PREFLOP	LOW	MEDIUM	0.000000000000000000	0.333333343267440800	0.333333343267440800	0.000000000000000000	0.00403226	0.00285124	0.0	0.666666686534881590	0.012945	5
PREFLOP	LOW	MEDIUM	0.000000000000000000	0.000000000000000000	0.666666686534881590	0.000000000000000000	0.0205626	0.00459458	0.0	0.333333343267440800	0.00785855	5
PREFLOP	LOW	MEDIUM	0.000000000000000000	0.500000000000000000	1.000000000000000000	0.000000000000000000	0.00410494	0.00242184	0.0	0.000000000000000000	0	2
PREFLOP	LOW	MEDIUM	0.250000000000000000	0.500000000000000000	0.250000000000000000	0.250000000000000000	0.00387267	0.00185486	0.0	0.000000000000000000	0	4
PREFLOP	LOW	MEDIUM	0.000000000000000000	0.000000000000000000	0.000000000000000000	0.000000000000000000	0	0	0.0	1.000000000000000000	0.00630915	3
PREFLOP	LOW	MEDIUM	0.000000000000000000	0.000000000000000000	0.000000000000000000	0.000000000000000000	0	0	0.0	1.000000000000000000	0.00583893	3
PREFLOP	LOW	MEDIUM	0.000000000000000000	0.200000002980232240	0.200000002980232240	0.666666686534881590	0.00577421	0.00513658	0.0	0.200000002980232240	0.00169226	1
PREFLOP	LOW	MEDIUM	0.333333343267440800	0.333333343267440800	0.166666671633720400	0.000000000000000000	0.00195223	0.00104557	0.0	0.166666671633720400	0.00337838	4
PREFLOP	LOW	MEDIUM	0.166666671633720400	0.166666671633720400	0.000000000000000000	0.333333343267440800	0.00715791	0.00313531	0.0	0.333333343267440800	0.00799502	4
PREFLOP	LOW	MEDIUM	0.166666671633720400	0.166666671633720400	0.583333313465118410	0.000000000000000000	0.00332489	0.0021793	0.0	0.083333335816860199	0.000501128	2
PREFLOP	LOW	MEDIUM	0.250000000000000000	0.500000000000000000	0.250000000000000000	0.000000000000000000	0.00167505	0.000970331	0.0	0.250000000000000000	0.00167785	4
PREFLOP	LOW	MEDIUM	0.117647059261798860	0.294117659330368040	0.588235318660736080	0.000000000000000000	0.00752922	0.00828265	0.0	0.235294118523597720	0.00549011	5
PREFLOP	LOW	MEDIUM	0.000000000000000000	0.333333343267440800	0.666666686534881590	0.000000000000000000	0.000556432	0.000320958	0.0	0.333333343267440800	0.000556793	5
PREFLOP	LOW	MEDIUM	0.000000000000000000	0.200000002980232240	0.300000011920928960	0.000000000000000000	0.00647025	0.0081025	0.0	0.699999988079071040	0.0020786	5
PREFLOP	LOW	MEDIUM	0.235294118523597720	0.352941185235977170	0.411764711141586300	0.000000000000000000	0.00658253	0.00589727	0.0	0.117647059261798860	0.00364757	4
PREFLOP	LOW	MEDIUM	0.111111111938953400	0.333333343267440800	0.555555582046508790	0.000000000000000000	0.00178777	0.00151909	0.0	0.222222223877906800	0.00137343	5
PREFLOP	LOW	MEDIUM	0.000000000000000000	1.000000000000000000	1.000000000000000000	0.000000000000000000	0.00377675	0.00267057	0.0	0.000000000000000000	0	2
PREFLOP	LOW	MEDIUM	0.039999999105930328	0.159999996423721310	0.439999997615814210	0.000000000000000000	0.00294606	0.00290123	0.0	0.479999989271163940	0.00412726	5
PREFLOP	LOW	MEDIUM	0.000000000000000000	0.333333343267440800	0.333333343267440800	0.000000000000000000	0.00168	0.00084636	0.0	0.666666686534881590	0.00797338	5
PREFLOP	LOW	MEDIUM	0.000000000000000000	0.500000000000000000	1.000000000000000000	0.000000000000000000	0.00491554	0.0049499	0.0	0.000000000000000000	0	2
PREFLOP	LOW	MEDIUM	0.000000000000000000	0.666666686534881590	1.000000000000000000	0.000000000000000000	0.00522525	0.00391577	0.0	0.000000000000000000	0	2
PREFLOP	LOW	MEDIUM	0.000000000000000000	0.400000005960464480	0.600000023841857910	0.200000002980232240	0.00206376	0.00323703	0.0	0.200000002980232240	0.00134048	5
PREFLOP	LOW	MEDIUM	0.000000000000000000	0.000000000000000000	1.000000000000000000	0.000000000000000000	0.00337268	0	0.0	0.000000000000000000	0	2
PREFLOP	LOW	MEDIUM	0.250000000000000000	0.250000000000000000	0.000000000000000000	0.000000000000000000	0.000834376	0	0.0	0.500000000000000000	0.00316474	4
PREFLOP	LOW	MEDIUM	0.000000000000000000	0.000000000000000000	0.500000000000000000	0.000000000000000000	0.00167504	0	0.0	0.500000000000000000	0.0160142	5
PREFLOP	LOW	MEDIUM	0.000000000000000000	0.000000000000000000	1.000000000000000000	0.000000000000000000	0.00167775	0.000477112	0.0	0.000000000000000000	0	2
PREFLOP	LOW	MEDIUM	0.000000000000000000	0.000000000000000000	1.000000000000000000	0.000000000000000000	0.00406504	0	0.0	0.000000000000000000	0	2
PREFLOP	LOW	MEDIUM	0.166666671633720400	0.166666671633720400	0.000000000000000000	0.166666671633720400	0.00554597	0.00125964	0.0	0.500000000000000000	0.00596179	3
PREFLOP	LOW	MEDIUM	0.090909093618392944	0.181818187236785890	0.181818187236785890	0.090909093618392944	0.00637712	0.00482559	0.0	0.545454561710357670	0.0156523	5
PREFLOP	LOW	MEDIUM	0.000000000000000000	0.000000000000000000	0.500000000000000000	0.000000000000000000	0.00888325	0	0.0	0.500000000000000000	0.0244233	5
PREFLOP	LOW	MEDIUM	0.500000000000000000	0.500000000000000000	0.000000000000000000	0.000000000000000000	0.00724554	0.00239485	0.0	0.000000000000000000	0	4
PREFLOP	LOW	MEDIUM	0.181818187236785890	0.181818187236785890	0.318181812763214110	0.045454546809196472	0.00766137	0.00489237	0.0	0.272727280855178830	0.00286054	5
PREFLOP	LOW	MEDIUM	0.000000000000000000	0.333333343267440800	0.666666686534881590	0.000000000000000000	0.00420316	0.00312859	0.0	0.333333343267440800	0.00312012	5
PREFLOP	LOW	MEDIUM	0.000000000000000000	0.500000000000000000	0.500000000000000000	0.000000000000000000	0.00478869	0.00389901	0.0	0.500000000000000000	0.011236	5
PREFLOP	LOW	MEDIUM	0.083333335816860199	0.083333335816860199	0.583333313465118410	0.000000000000000000	0.00353982	0.00195905	0.0	0.250000000000000000	0.00324113	5
PREFLOP	LOW	MEDIUM	0.166666671633720400	0.333333343267440800	0.444444447755813600	0.000000000000000000	0.00769639	0.00779038	0.0	0.222222223877906800	0.00837454	5
PREFLOP	LOW	MEDIUM	0.157894730567932130	0.368421047925949100	0.473684221506118770	0.000000000000000000	0.00281413	0.0033098	0.0	0.210526317358016970	0.00247999	5
PREFLOP	LOW	MEDIUM	0.000000000000000000	0.300000011920928960	1.000000000000000000	0.100000001490116120	0.00211758	0.00271493	0.0	0.000000000000000000	0	2
PREFLOP	LOW	MEDIUM	0.300000011920928960	0.400000005960464480	0.000000000000000000	0.000000000000000000	0.0180672	0.0213735	0.0	0.400000005960464480	0.00445574	4
PREFLOP	LOW	MEDIUM	0.076923079788684845	0.461538463830947880	0.692307710647583010	0.000000000000000000	0.00399252	0.00410836	0.0	0.153846159577369690	0.011976	2
PREFLOP	LOW	MEDIUM	0.125000000000000000	0.250000000000000000	0.437500000000000000	0.000000000000000000	0.00448566	0.00353534	0.0	0.375000000000000000	0.00640931	5
PREFLOP	LOW	MEDIUM	0.000000000000000000	0.000000000000000000	0.000000000000000000	0.000000000000000000	0	0	0.0	1.000000000000000000	0.021563	3
PREFLOP	LOW	MEDIUM	0.000000000000000000	0.500000000000000000	0.500000000000000000	0.000000000000000000	0.00213508	0.00192562	0.0	0.500000000000000000	0.00173542	5
PREFLOP	LOW	MEDIUM	0.000000000000000000	0.250000000000000000	0.750000000000000000	0.000000000000000000	0.00188803	0.00139415	0.0	0.250000000000000000	0.00201816	2
PREFLOP	LOW	MEDIUM	0.062500000000000000	0.265625000000000000	0.406250000000000000	0.015625000000000000	0.00601017	0.0074556	0.0	0.468750000000000000	0.00913654	5
PREFLOP	LOW	MEDIUM	0.125000000000000000	0.250000000000000000	0.625000000000000000	0.125000000000000000	0.00780693	0.011546	0.0	0.000000000000000000	0	2
PREFLOP	LOW	MEDIUM	0.000000000000000000	0.000000000000000000	0.000000000000000000	0.000000000000000000	0	0	0.0	1.000000000000000000	0.0108744	3
PREFLOP	LOW	MEDIUM	0.125000000000000000	0.375000000000000000	0.187500000000000000	0.000000000000000000	0.00354347	0.00281113	0.0	0.500000000000000000	0.00913107	5
PREFLOP	LOW	MEDIUM	0.000000000000000000	0.100000001490116120	0.600000023841857910	0.000000000000000000	0.00482844	0.00854178	0.0	0.400000005960464480	0.00904543	5
PREFLOP	LOW	MEDIUM	0.000000000000000000	0.000000000000000000	0.000000000000000000	0.000000000000000000	0	0	0.0	1.000000000000000000	0.00584795	3
PREFLOP	LOW	MEDIUM	0.250000000000000000	0.250000000000000000	0.000000000000000000	0.000000000000000000	0.0033557	0	0.0	0.500000000000000000	0.0103848	4
PREFLOP	LOW	MEDIUM	0.000000000000000000	0.333333343267440800	0.666666686534881590	0.000000000000000000	0.0109763	0.00602134	0.0	0.333333343267440800	0.0117955	5
PREFLOP	LOW	MEDIUM	0.000000000000000000	0.428571432828903200	1.000000000000000000	0.000000000000000000	0.00404767	0.00299026	0.0	0.000000000000000000	0	2
PREFLOP	LOW	MEDIUM	0.000000000000000000	0.400000005960464480	0.600000023841857910	0.000000000000000000	0.00668798	0.00678385	0.0	0.400000005960464480	0.0040725	5
PREFLOP	LOW	MEDIUM	0.000000000000000000	0.000000000000000000	1.000000000000000000	0.000000000000000000	0.0212454	0.000732601	0.0	0.000000000000000000	0	2
PREFLOP	LOW	MEDIUM	0.500000000000000000	0.500000000000000000	0.000000000000000000	0.000000000000000000	0.00423392	0	0.0	0.000000000000000000	0	4
PREFLOP	LOW	MEDIUM	0.142857149243354800	0.285714298486709590	0.428571432828903200	0.000000000000000000	0.000955124	0.000478189	0.0	0.285714298486709590	0.00313428	5
PREFLOP	LOW	MEDIUM	0.079999998211860657	0.259999990463256840	0.540000021457672120	0.019999999552965164	0.00545562	0.00572626	0.0	0.280000001192092900	0.00739688	5
PREFLOP	LOW	MEDIUM	0.000000000000000000	0.375000000000000000	0.625000000000000000	0.000000000000000000	0.00562398	0.00605436	0.0	0.375000000000000000	0.00987269	5
PREFLOP	LOW	MEDIUM	0.000000000000000000	0.250000000000000000	0.250000000000000000	0.000000000000000000	0.00186782	0.00151055	0.0	0.750000000000000000	0.00415502	3
PREFLOP	LOW	MEDIUM	0.150000005960464480	0.349999994039535520	0.300000011920928960	0.000000000000000000	0.00597502	0.00619839	0.0	0.349999994039535520	0.00365096	5
PREFLOP	LOW	MEDIUM	0.000000000000000000	0.500000000000000000	1.000000000000000000	0.000000000000000000	0.00167329	0.00152814	0.0	0.000000000000000000	0	2
PREFLOP	LOW	MEDIUM	0.000000000000000000	0.000000000000000000	1.000000000000000000	0.000000000000000000	0.00252207	3.18042e-006	0.0	0.000000000000000000	0	2
PREFLOP	LOW	MEDIUM	0.500000000000000000	0.500000000000000000	0.000000000000000000	0.000000000000000000	0.0602241	0	0.0	0.000000000000000000	0	4
PREFLOP	LOW	MEDIUM	0.000000000000000000	0.000000000000000000	0.000000000000000000	0.000000000000000000	0	0	0.0	1.000000000000000000	0.00253688	3
PREFLOP	LOW	MEDIUM	0.000000000000000000	0.000000000000000000	0.000000000000000000	0.500000000000000000	0.0145889	0	0.0	0.500000000000000000	0.0104167	3
PREFLOP	LOW	MEDIUM	0.083333335816860199	0.083333335816860199	0.083333335816860199	0.083333335816860199	0.00428167	0.000854423	0.0	0.666666686534881590	0.00768711	3
PREFLOP	LOW	MEDIUM	0.000000000000000000	0.166666671633720400	0.333333343267440800	0.000000000000000000	0.00318014	0.0013221	0.0	0.666666686534881590	0.00282825	3
PREFLOP	LOW	MEDIUM	0.142857149243354800	0.285714298486709590	0.285714298486709590	0.142857149243354800	0.0056074	0.00364004	0.0	0.285714298486709590	0.00137489	5
PREFLOP	LOW	MEDIUM	0.181818187236785890	0.454545468091964720	0.181818187236785890	0.000000000000000000	0.00683092	0.00562917	0.0	0.454545468091964720	0.0121457	5
PREFLOP	LOW	MEDIUM	0.119999997317790990	0.340000003576278690	0.300000011920928960	0.000000000000000000	0.00511053	0.00615234	0.0	0.439999997615814210	0.00378029	5
PREFLOP	LOW	MEDIUM	0.121212124824523930	0.303030312061309810	0.424242436885833740	0.000000000000000000	0.00281267	0.00210606	0.0	0.333333343267440800	0.0042822	5
PREFLOP	LOW	MEDIUM	0.000000000000000000	1.000000000000000000	0.000000000000000000	0.000000000000000000	0.00125156	0	0.0	1.000000000000000000	0.00126422	3
PREFLOP	LOW	MEDIUM	0.000000000000000000	0.500000000000000000	0.500000000000000000	0.500000000000000000	0.0109346	0.00753798	0.0	0.000000000000000000	0	5
PREFLOP	LOW	MEDIUM	0.000000000000000000	0.000000000000000000	0.000000000000000000	0.000000000000000000	0	0	0.0	1.000000000000000000	0.00337838	3
PREFLOP	LOW	MEDIUM	0.000000000000000000	0.250000000000000000	0.750000000000000000	0.000000000000000000	0.00589278	0.00304259	0.0	0.250000000000000000	0.0135542	2
PREFLOP	LOW	MEDIUM	0.000000000000000000	0.666666686534881590	0.333333343267440800	0.000000000000000000	0.00287082	0.00166064	0.0	0.666666686534881590	0.0040173	5
PREFLOP	LOW	MEDIUM	0.000000000000000000	0.375000000000000000	0.750000000000000000	0.125000000000000000	0.00183923	0.00213143	0.0	0.125000000000000000	0.0104167	2
PREFLOP	LOW	MEDIUM	0.333333343267440800	0.333333343267440800	0.000000000000000000	0.333333343267440800	0.00470009	0.00302855	0.0	0.000000000000000000	0	4
PREFLOP	LOW	MEDIUM	0.000000000000000000	0.000000000000000000	0.000000000000000000	1.000000000000000000	0.0238095	0	0.0	0.000000000000000000	0	1
PREFLOP	LOW	MEDIUM	0.000000000000000000	0.142857149243354800	0.285714298486709590	0.000000000000000000	0.00191434	0.000781543	0.0	0.714285731315612790	0.00296843	3
PREFLOP	LOW	MEDIUM	0.000000000000000000	0.000000000000000000	1.000000000000000000	0.000000000000000000	0.0273038	0	0.0	0.000000000000000000	0	2
PREFLOP	LOW	MEDIUM	0.000000000000000000	0.000000000000000000	0.000000000000000000	0.000000000000000000	0	0	0.0	1.000000000000000000	0.00452489	3
PREFLOP	LOW	MEDIUM	0.000000000000000000	0.266666680574417110	0.866666674613952640	0.000000000000000000	0.00234524	0.00226022	0.0	0.133333340287208560	0.00167942	2
PREFLOP	LOW	MEDIUM	0.000000000000000000	0.000000000000000000	0.000000000000000000	0.000000000000000000	0	0	0.0	1.000000000000000000	0.00636148	3
PREFLOP	LOW	MEDIUM	0.105263158679008480	0.315789461135864260	0.421052634716033940	0.000000000000000000	0.0033809	0.00447054	0.0	0.368421047925949100	0.00624227	5
PREFLOP	LOW	MEDIUM	0.000000000000000000	0.000000000000000000	0.500000000000000000	0.000000000000000000	0.0118959	0	0.0	0.500000000000000000	0.0120391	5
PREFLOP	LOW	MEDIUM	0.058823529630899429	0.235294118523597720	0.235294118523597720	0.058823529630899429	0.00614305	0.00474698	0.0	0.588235318660736080	0.00557282	5
PREFLOP	LOW	MEDIUM	0.000000000000000000	0.000000000000000000	0.200000002980232240	0.000000000000000000	0.0020015	0	0.0	0.800000011920928960	0.0017661	3
PREFLOP	LOW	MEDIUM	0.000000000000000000	0.000000000000000000	0.000000000000000000	0.000000000000000000	0	0	0.0	1.000000000000000000	0.00089226	3
PREFLOP	LOW	MEDIUM	0.111111111938953400	0.333333343267440800	0.555555582046508790	0.000000000000000000	0.00227471	0.00183204	0.0	0.222222223877906800	0.0038631	5
PREFLOP	LOW	MEDIUM	0.181818187236785890	0.272727280855178830	0.181818187236785890	0.000000000000000000	0.00911426	0.00759886	0.0	0.454545468091964720	0.00666286	5
PREFLOP	LOW	MEDIUM	0.100000001490116120	0.300000011920928960	0.699999988079071040	0.100000001490116120	0.0024243	0.00146222	0.0	0.000000000000000000	0	2
PREFLOP	LOW	MEDIUM	0.105263158679008480	0.263157904148101810	0.473684221506118770	0.000000000000000000	0.00686588	0.00448507	0.0	0.315789461135864260	0.0200771	5
PREFLOP	LOW	MEDIUM	0.111111111938953400	0.296296298503875730	0.444444447755813600	0.000000000000000000	0.00545178	0.0043546	0.0	0.333333343267440800	0.00563914	5
PREFLOP	LOW	MEDIUM	0.000000000000000000	0.000000000000000000	0.500000000000000000	0.250000000000000000	0.00511016	0.00213237	0.0	0.250000000000000000	0.00252845	5
PREFLOP	LOW	MEDIUM	0.142857149243354800	0.142857149243354800	0.142857149243354800	0.000000000000000000	0.00719424	0.00239808	0.0	0.571428596973419190	0.00207839	3
PREFLOP	LOW	MEDIUM	0.500000000000000000	0.500000000000000000	0.000000000000000000	0.000000000000000000	0.00143164	0	0.0	0.000000000000000000	0	4
PREFLOP	LOW	MEDIUM	0.000000000000000000	0.285714298486709590	0.571428596973419190	0.000000000000000000	0.00232864	0.00223219	0.0	0.428571432828903200	0.0181687	5
PREFLOP	LOW	MEDIUM	0.142857149243354800	0.142857149243354800	0.000000000000000000	0.000000000000000000	0.000667557	0	0.0	0.714285731315612790	0.00772815	3
PREFLOP	LOW	MEDIUM	0.000000000000000000	0.500000000000000000	0.500000000000000000	0.000000000000000000	0.0038055	0.00269089	0.0	0.500000000000000000	0.00167715	5
PREFLOP	LOW	MEDIUM	0.142857149243354800	0.285714298486709590	0.047619048506021500	0.000000000000000000	0.00396695	0.00297192	0.0	0.666666686534881590	0.00798467	3
PREFLOP	LOW	MEDIUM	0.000000000000000000	0.285714298486709590	0.428571432828903200	0.000000000000000000	0.00222054	0.00169946	0.0	0.571428596973419190	0.00292816	5
PREFLOP	LOW	MEDIUM	0.000000000000000000	0.000000000000000000	0.500000000000000000	0.000000000000000000	0.00508906	0	0.0	0.500000000000000000	0.00510204	5
PREFLOP	LOW	MEDIUM	0.000000000000000000	0.333333343267440800	0.333333343267440800	0.000000000000000000	0.0011789	1.04235e-006	0.0	0.666666686534881590	0.00178218	5
PREFLOP	LOW	MEDIUM	0.125000000000000000	0.125000000000000000	0.500000000000000000	0.000000000000000000	0.0102406	0.00795483	0.0	0.250000000000000000	0.00435479	5
PREFLOP	LOW	MEDIUM	0.000000000000000000	0.500000000000000000	0.500000000000000000	0.000000000000000000	0.00510204	0.00360769	0.0	0.500000000000000000	0.00143678	5
PREFLOP	LOW	MEDIUM	0.000000000000000000	0.000000000000000000	0.333333343267440800	0.000000000000000000	0.00740741	0	0.0	0.666666686534881590	0.00543451	3
PREFLOP	LOW	MEDIUM	0.200000002980232240	0.400000005960464480	0.200000002980232240	0.000000000000000000	0.00395508	0.0033312	0.0	0.400000005960464480	0.00358714	4
PREFLOP	LOW	MEDIUM	0.000000000000000000	0.000000000000000000	0.000000000000000000	0.000000000000000000	0	0	0.0	1.000000000000000000	0.0261495	3
PREFLOP	LOW	MEDIUM	0.000000000000000000	0.000000000000000000	1.000000000000000000	0.000000000000000000	0.00827263	0	0.0	0.000000000000000000	0	2
PREFLOP	LOW	MEDIUM	0.000000000000000000	0.500000000000000000	0.500000000000000000	0.000000000000000000	0.00974964	0.00689404	0.0	0.500000000000000000	0.00141978	5
PREFLOP	LOW	MEDIUM	0.153846159577369690	0.307692319154739380	0.461538463830947880	0.000000000000000000	0.00943795	0.00668896	0.0	0.230769231915473940	0.00630965	5
PREFLOP	LOW	MEDIUM	0.000000000000000000	0.000000000000000000	0.000000000000000000	0.500000000000000000	0.0104167	0	0.0	0.500000000000000000	0.0023068	3
PREFLOP	LOW	MEDIUM	0.000000000000000000	0.000000000000000000	1.000000000000000000	0.000000000000000000	0.00623053	0	0.0	0.000000000000000000	0	2
PREFLOP	LOW	MEDIUM	0.095238097012042999	0.238095238804817200	0.428571432828903200	0.047619048506021500	0.00876587	0.0097258	0.0	0.380952388048172000	0.00505358	5
PREFLOP	LOW	MEDIUM	0.333333343267440800	0.333333343267440800	0.000000000000000000	0.000000000000000000	0.0165204	0	0.0	0.333333343267440800	0.00224215	4
PREFLOP	LOW	MEDIUM	0.222222223877906800	0.222222223877906800	0.111111111938953400	0.000000000000000000	0.0156398	0.000702057	0.0	0.444444447755813600	0.0162446	4
PREFLOP	LOW	MEDIUM	0.333333343267440800	0.666666686534881590	0.000000000000000000	0.000000000000000000	0.000641849	0.000214316	0.0	0.333333343267440800	0.00259628	4
PREFLOP	LOW	MEDIUM	0.000000000000000000	1.000000000000000000	1.000000000000000000	0.000000000000000000	0.00901526	0.00847385	0.0	0.000000000000000000	0	2
PREFLOP	LOW	MEDIUM	0.000000000000000000	0.000000000000000000	1.000000000000000000	0.000000000000000000	0.00293624	0	0.0	0.000000000000000000	0	2
PREFLOP	LOW	MEDIUM	0.125000000000000000	0.375000000000000000	0.375000000000000000	0.000000000000000000	0.00710999	0.0102838	0.0	0.375000000000000000	0.0110271	5
PREFLOP	LOW	MEDIUM	0.058823529630899429	0.294117659330368040	0.352941185235977170	0.000000000000000000	0.00427493	0.00580197	0.0	0.529411792755126950	0.00733619	5
PREFLOP	LOW	MEDIUM	0.000000000000000000	0.000000000000000000	0.000000000000000000	0.000000000000000000	0	0	0.0	1.000000000000000000	0.00201613	3
PREFLOP	LOW	MEDIUM	0.000000000000000000	0.000000000000000000	1.000000000000000000	0.000000000000000000	0.00581395	0	0.0	0.000000000000000000	0	2
PREFLOP	LOW	MEDIUM	0.400000005960464480	0.400000005960464480	0.000000000000000000	0.000000000000000000	0.0033557	0	0.0	0.200000002980232240	0.00453515	4
PREFLOP	LOW	MEDIUM	0.000000000000000000	0.200000002980232240	0.200000002980232240	0.400000005960464480	0.0171013	0.0199155	0.0	0.400000005960464480	0.0145358	5
PREFLOP	LOW	MEDIUM	0.066666670143604279	0.333333343267440800	0.166666671633720400	0.100000001490116120	0.0058695	0.0106407	0.0	0.633333325386047360	0.00554661	5
PREFLOP	LOW	MEDIUM	0.000000000000000000	0.000000000000000000	1.000000000000000000	0.000000000000000000	0.00451467	0	0.0	0.000000000000000000	0	2
PREFLOP	LOW	MEDIUM	0.000000000000000000	1.000000000000000000	1.000000000000000000	0.000000000000000000	0.00785714	0.00872952	0.0	0.000000000000000000	0	2
PREFLOP	LOW	MEDIUM	0.000000000000000000	0.000000000000000000	0.500000000000000000	0.000000000000000000	0.0057971	0	0.0	0.500000000000000000	0.00584795	5
PREFLOP	LOW	MEDIUM	0.200000002980232240	0.200000002980232240	0.000000000000000000	0.000000000000000000	0.0013369	0	0.0	0.600000023841857910	0.0125309	3
PREFLOP	LOW	MEDIUM	0.250000000000000000	0.500000000000000000	0.500000000000000000	0.000000000000000000	0.00069541	0.000303122	0.0	0.000000000000000000	0	4
PREFLOP	LOW	MEDIUM	0.100000001490116120	0.200000002980232240	0.699999988079071040	0.000000000000000000	0.00819954	0.00459534	0.0	0.100000001490116120	0.00921659	2
PREFLOP	LOW	MEDIUM	0.000000000000000000	0.000000000000000000	0.000000000000000000	0.000000000000000000	0	0	0.0	1.000000000000000000	0.0111421	3
PREFLOP	LOW	MEDIUM	0.200000002980232240	0.200000002980232240	0.400000005960464480	0.000000000000000000	0.00597463	0.00324225	0.0	0.200000002980232240	0.0104167	5
PREFLOP	LOW	MEDIUM	0.000000000000000000	0.333333343267440800	0.500000000000000000	0.000000000000000000	0.00340285	0.00119111	0.0	0.500000000000000000	0.00670202	5
PREFLOP	LOW	MEDIUM	0.200000002980232240	0.400000005960464480	0.400000005960464480	0.000000000000000000	0.00450091	0.00206592	0.0	0.200000002980232240	0.00083647	4
PREFLOP	LOW	MEDIUM	0.076923079788684845	0.153846159577369690	0.307692319154739380	0.000000000000000000	0.00505535	0.00514396	0.0	0.538461565971374510	0.00417812	5
PREFLOP	LOW	MEDIUM	0.000000000000000000	0.000000000000000000	0.000000000000000000	0.000000000000000000	0	0	0.0	1.000000000000000000	0.00406504	3
PREFLOP	LOW	MEDIUM	0.000000000000000000	1.000000000000000000	1.000000000000000000	0.000000000000000000	0.00044484	0.000314549	0.0	0.000000000000000000	0	2
PREFLOP	LOW	MEDIUM	0.125000000000000000	0.250000000000000000	0.625000000000000000	0.125000000000000000	0.00357289	0.00279175	0.0	0.000000000000000000	0	2
PREFLOP	LOW	MEDIUM	0.000000000000000000	0.000000000000000000	1.000000000000000000	0.000000000000000000	0.0133235	0	0.0	0.000000000000000000	0	2
PREFLOP	LOW	MEDIUM	0.000000000000000000	0.500000000000000000	0.250000000000000000	0.000000000000000000	0.00295387	0.00273038	0.0	0.750000000000000000	0.00214902	3
PREFLOP	LOW	MEDIUM	0.000000000000000000	0.000000000000000000	0.500000000000000000	0.000000000000000000	0.0102564	0	0.0	0.500000000000000000	0.0217391	5
PREFLOP	LOW	MEDIUM	0.000000000000000000	0.300000011920928960	0.300000011920928960	0.000000000000000000	0.00348848	0.00530864	0.0	0.699999988079071040	0.00338443	5
PREFLOP	LOW	MEDIUM	0.000000000000000000	0.333333343267440800	1.000000000000000000	0.000000000000000000	0.00591061	0.00548063	0.0	0.000000000000000000	0	2
PREFLOP	LOW	MEDIUM	0.000000000000000000	0.250000000000000000	0.750000000000000000	0.000000000000000000	0.00453015	0.00342071	0.0	0.250000000000000000	0.00344563	2
PREFLOP	LOW	MEDIUM	0.100000001490116120	0.300000011920928960	0.300000011920928960	0.000000000000000000	0.00308444	0.0021322	0.0	0.500000000000000000	0.00249758	5
PREFLOP	LOW	MEDIUM	0.142857149243354800	0.571428596973419190	0.428571432828903200	0.000000000000000000	0.00339271	0.00419464	0.0	0.285714298486709590	0.00581962	5
PREFLOP	LOW	MEDIUM	0.166666671633720400	0.333333343267440800	0.166666671633720400	0.000000000000000000	0.00266852	0.00190535	0.0	0.500000000000000000	0.00224924	5
PREFLOP	LOW	MEDIUM	0.000000000000000000	0.000000000000000000	0.000000000000000000	0.000000000000000000	0	0	0.0	1.000000000000000000	0.00610301	3
PREFLOP	LOW	MEDIUM	0.000000000000000000	0.000000000000000000	0.000000000000000000	0.000000000000000000	0	0	0.0	1.000000000000000000	0.0512295	3
PREFLOP	LOW	MEDIUM	0.000000000000000000	0.000000000000000000	1.000000000000000000	0.000000000000000000	0.00111483	0	0.0	0.000000000000000000	0	2
PREFLOP	LOW	MEDIUM	0.500000000000000000	0.500000000000000000	0.000000000000000000	0.000000000000000000	0.00623053	0	0.0	0.000000000000000000	0	4
PREFLOP	LOW	MEDIUM	0.000000000000000000	0.000000000000000000	0.000000000000000000	0.000000000000000000	0	0	0.0	1.000000000000000000	0.0104167	3
PREFLOP	LOW	MEDIUM	0.000000000000000000	0.333333343267440800	0.666666686534881590	0.000000000000000000	0.00362436	0.00151729	0.0	0.333333343267440800	0.00728704	5
PREFLOP	LOW	MEDIUM	0.000000000000000000	0.000000000000000000	0.000000000000000000	0.000000000000000000	0	0	0.0	1.000000000000000000	0.00880303	3
PREFLOP	LOW	MEDIUM	0.000000000000000000	0.333333343267440800	0.333333343267440800	0.000000000000000000	0.00283794	0.00123538	0.0	0.666666686534881590	0.00494392	5
PREFLOP	LOW	MEDIUM	0.000000000000000000	0.142857149243354800	0.714285731315612790	0.000000000000000000	0.00425681	0.00299824	0.0	0.285714298486709590	0.00128006	2
PREFLOP	LOW	MEDIUM	0.250000000000000000	0.250000000000000000	0.250000000000000000	0.250000000000000000	0.00611846	0.00289892	0.0	0.000000000000000000	0	4
PREFLOP	LOW	MEDIUM	0.000000000000000000	0.333333343267440800	0.333333343267440800	0.000000000000000000	0.0178561	0.0126262	0.0	0.666666686534881590	0.00714665	5
PREFLOP	LOW	MEDIUM	0.133333340287208560	0.333333343267440800	0.133333340287208560	0.066666670143604279	0.00634021	0.00955197	0.0	0.533333361148834230	0.00665845	5
PREFLOP	LOW	MEDIUM	0.000000000000000000	0.176470592617988590	0.117647059261798860	0.000000000000000000	0.00209788	0.00152349	0.0	0.823529422283172610	0.00404114	3
PREFLOP	LOW	MEDIUM	0.000000000000000000	0.000000000000000000	0.500000000000000000	0.000000000000000000	0.00934579	0	0.0	0.500000000000000000	0.00369686	5
PREFLOP	LOW	MEDIUM	0.125000000000000000	0.437500000000000000	0.312500000000000000	0.000000000000000000	0.0061795	0.00667032	0.0	0.375000000000000000	0.00532329	5
PREFLOP	LOW	MEDIUM	0.000000000000000000	0.285714298486709590	0.142857149243354800	0.000000000000000000	0.000667334	0.000272438	0.0	0.857142865657806400	0.00610731	3
PREFLOP	LOW	MEDIUM	0.000000000000000000	0.000000000000000000	0.250000000000000000	0.000000000000000000	0.00125392	0	0.0	0.750000000000000000	0.00115678	3
PREFLOP	LOW	MEDIUM	0.039999999105930328	0.360000014305114750	0.560000002384185790	0.039999999105930328	0.00560382	0.00510323	0.0	0.360000014305114750	0.0113104	5
PREFLOP	LOW	MEDIUM	0.000000000000000000	0.000000000000000000	0.750000000000000000	0.000000000000000000	0.00600442	0.00441569	0.0	0.250000000000000000	0.00143678	2
PREFLOP	LOW	MEDIUM	0.181818187236785890	0.272727280855178830	0.272727280855178830	0.000000000000000000	0.00344422	0.00418864	0.0	0.363636374473571780	0.00661683	5
PREFLOP	LOW	MEDIUM	0.000000000000000000	0.000000000000000000	0.250000000000000000	0.000000000000000000	0.00830629	0	0.0	0.750000000000000000	0.00727519	3
PREFLOP	LOW	MEDIUM	0.000000000000000000	0.250000000000000000	0.500000000000000000	0.000000000000000000	0.0176969	0.00793208	0.0	0.500000000000000000	0.0040725	5
PREFLOP	LOW	MEDIUM	0.000000000000000000	0.500000000000000000	0.500000000000000000	0.000000000000000000	0.00232964	0.00164731	0.0	0.500000000000000000	0.00473653	5
PREFLOP	LOW	MEDIUM	0.000000000000000000	1.000000000000000000	1.000000000000000000	0.000000000000000000	0.00403226	0.00285124	0.0	0.000000000000000000	0	2
PREFLOP	LOW	MEDIUM	0.000000000000000000	0.500000000000000000	0.500000000000000000	0.000000000000000000	0.0164772	0.0116511	0.0	0.500000000000000000	0.00921659	5
PREFLOP	LOW	MEDIUM	0.333333343267440800	0.333333343267440800	0.000000000000000000	0.000000000000000000	0.00578035	0	0.0	0.333333343267440800	0.00289436	4
PREFLOP	LOW	MEDIUM	0.000000000000000000	0.000000000000000000	1.000000000000000000	0.000000000000000000	0.00315067	0.00111374	0.0	0.000000000000000000	0	2
PREFLOP	LOW	MEDIUM	0.000000000000000000	0.000000000000000000	1.000000000000000000	0.000000000000000000	0.00252845	0	0.0	0.000000000000000000	0	2
PREFLOP	LOW	MEDIUM	0.500000000000000000	0.500000000000000000	0.000000000000000000	0.000000000000000000	0.0220386	0	0.0	0.000000000000000000	0	4
PREFLOP	LOW	MEDIUM	0.000000000000000000	0.333333343267440800	0.666666686534881590	0.000000000000000000	0.00459024	0.00322572	0.0	0.333333343267440800	0.00183318	5
PREFLOP	LOW	MEDIUM	0.000000000000000000	0.000000000000000000	0.333333343267440800	0.000000000000000000	0.00785855	0	0.0	0.666666686534881590	0.00289393	3
PREFLOP	LOW	MEDIUM	0.000000000000000000	0.125000000000000000	0.750000000000000000	0.000000000000000000	0.00775144	0.00662739	0.0	0.250000000000000000	0.0074104	2
PREFLOP	LOW	MEDIUM	0.000000000000000000	0.000000000000000000	0.500000000000000000	0.000000000000000000	0.00587803	0	0.0	0.500000000000000000	0.00620771	5
PREFLOP	LOW	MEDIUM	0.111111111938953400	0.222222223877906800	0.500000000000000000	0.111111111938953400	0.00515597	0.00433239	0.0	0.166666671633720400	0.00244266	5
PREFLOP	LOW	MEDIUM	0.000000000000000000	0.157894730567932130	0.684210538864135740	0.000000000000000000	0.00396773	0.0047324	0.0	0.315789461135864260	0.0116154	5
PREFLOP	LOW	MEDIUM	0.333333343267440800	0.500000000000000000	0.166666671633720400	0.166666671633720400	0.00174916	0.0023128	0.0	0.000000000000000000	0	4
PREFLOP	LOW	MEDIUM	0.000000000000000000	0.000000000000000000	1.000000000000000000	0.000000000000000000	0.0340773	0	0.0	0.000000000000000000	0	2
PREFLOP	LOW	MEDIUM	0.166666671633720400	0.500000000000000000	0.666666686534881590	0.000000000000000000	0.00478233	0.00311011	0.0	0.000000000000000000	0	2
PREFLOP	LOW	MEDIUM	0.000000000000000000	0.333333343267440800	0.666666686534881590	0.000000000000000000	0.0186562	0.00763144	0.0	0.333333343267440800	0.00338409	5
PREFLOP	LOW	MEDIUM	0.111111111938953400	0.444444447755813600	0.666666686534881590	0.000000000000000000	0.009784	0.013818	0.0	0.111111111938953400	0.0018315	5
PREFLOP	LOW	MEDIUM	0.166666671633720400	0.333333343267440800	0.333333343267440800	0.000000000000000000	0.0114329	0.00724563	0.0	0.333333343267440800	0.00991106	5
PREFLOP	LOW	MEDIUM	0.090909093618392944	0.181818187236785890	0.454545468091964720	0.000000000000000000	0.00187998	0.00138482	0.0	0.363636374473571780	0.00269337	5
PREFLOP	LOW	MEDIUM	0.000000000000000000	0.000000000000000000	0.857142865657806400	0.000000000000000000	0.00254333	0.00224465	0.0	0.142857149243354800	0.00395034	2
PREFLOP	LOW	MEDIUM	0.000000000000000000	0.333333343267440800	0.000000000000000000	0.000000000000000000	0.00286533	0	0.0	1.000000000000000000	0.00900614	3
PREFLOP	LOW	MEDIUM	0.142857149243354800	0.285714298486709590	0.285714298486709590	0.000000000000000000	0.00337182	0.00258994	0.0	0.428571432828903200	0.00533071	5
PREFLOP	LOW	MEDIUM	0.000000000000000000	0.000000000000000000	0.500000000000000000	0.000000000000000000	0.00684932	0	0.0	0.500000000000000000	0.00687285	5
PREFLOP	LOW	MEDIUM	0.000000000000000000	0.500000000000000000	1.000000000000000000	0.000000000000000000	0.00266271	0.00113509	0.0	0.000000000000000000	0	2
PREFLOP	LOW	MEDIUM	0.000000000000000000	0.142857149243354800	0.714285731315612790	0.142857149243354800	0.0106184	0.00705171	0.0	0.142857149243354800	0.00453515	2
PREFLOP	LOW	MEDIUM	0.166666671633720400	0.277777791023254390	0.277777791023254390	0.000000000000000000	0.00480396	0.0029967	0.0	0.388888895511627200	0.00920285	5
PREFLOP	LOW	MEDIUM	0.250000000000000000	0.500000000000000000	0.500000000000000000	0.000000000000000000	0.00100301	0.000502512	0.0	0.000000000000000000	0	4
PREFLOP	LOW	MEDIUM	0.000000000000000000	0.000000000000000000	0.333333343267440800	0.000000000000000000	0.00376648	0	0.0	0.666666686534881590	0.00789926	3
PREFLOP	LOW	MEDIUM	0.000000000000000000	0.000000000000000000	0.272727280855178830	0.000000000000000000	0.0071594	0.00529435	0.0	0.727272748947143550	0.00404134	3
PREFLOP	LOW	MEDIUM	0.000000000000000000	0.000000000000000000	0.000000000000000000	0.000000000000000000	0	0	0.0	1.000000000000000000	0.00863326	3
PREFLOP	LOW	MEDIUM	0.000000000000000000	0.333333343267440800	0.333333343267440800	0.333333343267440800	0.00346279	0.00249427	0.0	0.666666686534881590	0.00586719	5
PREFLOP	LOW	MEDIUM	0.000000000000000000	0.166666671633720400	0.500000000000000000	0.000000000000000000	0.00432659	0.00286466	0.0	0.500000000000000000	0.00361224	5
PREFLOP	LOW	MEDIUM	0.000000000000000000	0.000000000000000000	0.416666656732559200	0.000000000000000000	0.0172311	0.0178343	0.0	0.583333313465118410	0.00280658	5
PREFLOP	LOW	MEDIUM	0.000000000000000000	0.142857149243354800	0.571428596973419190	0.095238097012042999	0.00340951	0.00290226	0.0	0.333333343267440800	0.00500504	5
PREFLOP	LOW	MEDIUM	0.000000000000000000	0.000000000000000000	0.200000002980232240	0.000000000000000000	0.00369686	0	0.0	0.800000011920928960	0.00172079	3
PREFLOP	LOW	MEDIUM	0.000000000000000000	0.241379305720329280	0.551724135875701900	0.000000000000000000	0.00485952	0.00348478	0.0	0.448275864124298100	0.00936188	5
PREFLOP	LOW	MEDIUM	0.000000000000000000	0.000000000000000000	0.000000000000000000	0.000000000000000000	0	0	0.0	1.000000000000000000	0.0018315	3
PREFLOP	LOW	MEDIUM	0.142857149243354800	0.142857149243354800	0.000000000000000000	0.000000000000000000	0.028169	0	0.0	0.714285731315612790	0.0117527	3
PREFLOP	LOW	MEDIUM	0.000000000000000000	0.000000000000000000	1.000000000000000000	0.000000000000000000	0.0104167	0	0.0	0.000000000000000000	0	2
PREFLOP	LOW	MEDIUM	0.250000000000000000	0.750000000000000000	0.500000000000000000	0.000000000000000000	0.00145265	0.00116204	0.0	0.000000000000000000	0	4
PREFLOP	LOW	MEDIUM	0.000000000000000000	0.000000000000000000	0.000000000000000000	0.000000000000000000	0	0	0.0	1.000000000000000000	0.000534474	3
PREFLOP	LOW	MEDIUM	0.000000000000000000	0.333333343267440800	0.333333343267440800	0.000000000000000000	0.0202046	0.0159128	0.0	0.333333343267440800	0.00769264	5
PREFLOP	LOW	MEDIUM	0.000000000000000000	0.166666671633720400	0.166666671633720400	0.000000000000000000	0.000805009	0.000569227	0.0	0.833333313465118410	0.00308526	3
PREFLOP	LOW	MEDIUM	0.000000000000000000	0.000000000000000000	1.000000000000000000	0.000000000000000000	0.00913242	0	0.0	0.000000000000000000	0	2
PREFLOP	LOW	MEDIUM	0.500000000000000000	0.500000000000000000	0.000000000000000000	0.000000000000000000	0.00900901	0	0.0	0.000000000000000000	0	4
PREFLOP	LOW	MEDIUM	0.000000000000000000	0.250000000000000000	0.500000000000000000	0.000000000000000000	0.002064	0.000842662	0.0	0.500000000000000000	0.011976	5
PREFLOP	LOW	MEDIUM	0.000000000000000000	0.375000000000000000	0.875000000000000000	0.000000000000000000	0.00304106	0.00245468	0.0	0.125000000000000000	0.00191939	2
PREFLOP	LOW	MEDIUM	0.166666671633720400	0.333333343267440800	0.666666686534881590	0.000000000000000000	0.0068362	0.00415261	0.0	0.000000000000000000	0	2
PREFLOP	LOW	MEDIUM	0.125000000000000000	0.437500000000000000	0.625000000000000000	0.000000000000000000	0.0021429	0.00161875	0.0	0.125000000000000000	0.00178048	2
PREFLOP	LOW	MEDIUM	0.136363640427589420	0.318181812763214110	0.113636367022991180	0.022727273404598236	0.00392035	0.00303202	0.0	0.568181812763214110	0.00726124	5
PREFLOP	LOW	MEDIUM	0.142857149243354800	0.285714298486709590	0.000000000000000000	0.142857149243354800	0.00271911	0.00177226	0.0	0.571428596973419190	0.00332586	3
PREFLOP	LOW	MEDIUM	0.100000001490116120	0.200000002980232240	0.550000011920928960	0.000000000000000000	0.00763298	0.0091855	0.0	0.250000000000000000	0.00564868	5
PREFLOP	LOW	MEDIUM	0.333333343267440800	0.333333343267440800	0.333333343267440800	0.000000000000000000	0.0168115	0.000282546	0.0	0.000000000000000000	0	4
PREFLOP	LOW	MEDIUM	0.033333335071802139	0.233333334326744080	0.600000023841857910	0.100000001490116120	0.00527936	0.00504156	0.0	0.266666680574417110	0.00284222	5
PREFLOP	LOW	MEDIUM	0.000000000000000000	0.000000000000000000	1.000000000000000000	0.000000000000000000	0.00743494	0	0.0	0.000000000000000000	0	2
PREFLOP	LOW	MEDIUM	0.190476194024086000	0.428571432828903200	0.285714298486709590	0.047619048506021500	0.00468616	0.00694982	0.0	0.333333343267440800	0.00229624	5
PREFLOP	LOW	MEDIUM	0.166666671633720400	0.250000000000000000	0.333333343267440800	0.000000000000000000	0.00232283	0.00180695	0.0	0.333333343267440800	0.00407536	5
PREFLOP	LOW	MEDIUM	0.000000000000000000	0.000000000000000000	1.000000000000000000	0.000000000000000000	0.00980235	0.00543566	0.0	0.000000000000000000	0	2
PREFLOP	LOW	MEDIUM	0.000000000000000000	0.272727280855178830	0.181818187236785890	0.000000000000000000	0.00444559	0.0047934	0.0	0.818181812763214110	0.00636594	3
PREFLOP	LOW	MEDIUM	0.500000000000000000	0.500000000000000000	0.000000000000000000	0.000000000000000000	0.00200803	0	0.0	0.000000000000000000	0	4
PREFLOP	LOW	MEDIUM	0.000000000000000000	0.000000000000000000	0.375000000000000000	0.000000000000000000	0.00615871	0.0029312	0.0	0.625000000000000000	0.00328016	5
PREFLOP	LOW	MEDIUM	0.250000000000000000	0.250000000000000000	0.000000000000000000	0.000000000000000000	0.00856531	0	0.0	0.500000000000000000	0.0106144	4
PREFLOP	LOW	MEDIUM	0.000000000000000000	0.000000000000000000	1.000000000000000000	0.000000000000000000	0.0103093	0	0.0	0.000000000000000000	0	2
PREFLOP	LOW	MEDIUM	0.000000000000000000	0.250000000000000000	0.250000000000000000	0.250000000000000000	0.00288633	0.00231717	0.0	0.500000000000000000	0.00992315	5
PREFLOP	LOW	MEDIUM	0.100000001490116120	0.300000011920928960	0.600000023841857910	0.050000000745058060	0.00345267	0.00261781	0.0	0.150000005960464480	0.00932053	5
PREFLOP	LOW	MEDIUM	0.000000000000000000	1.000000000000000000	1.000000000000000000	0.000000000000000000	0.00111455	0.000788103	0.0	0.000000000000000000	0	2
PREFLOP	LOW	MEDIUM	0.000000000000000000	0.000000000000000000	0.000000000000000000	0.000000000000000000	0	0	0.0	1.000000000000000000	0.0162272	3
PREFLOP	LOW	MEDIUM	0.000000000000000000	1.000000000000000000	0.500000000000000000	0.000000000000000000	0.00229064	0.00268205	0.0	0.500000000000000000	0.000358295	5
PREFLOP	LOW	MEDIUM	0.142857149243354800	0.428571432828903200	0.285714298486709590	0.000000000000000000	0.00728826	0.0064906	0.0	0.428571432828903200	0.0069181	5
PREFLOP	LOW	MEDIUM	0.066666670143604279	0.266666680574417110	0.466666668653488160	0.000000000000000000	0.00429753	0.00582214	0.0	0.400000005960464480	0.00687065	5
PREFLOP	LOW	MEDIUM	0.200000002980232240	0.800000011920928960	0.400000005960464480	0.000000000000000000	0.00260212	0.00246212	0.0	0.200000002980232240	0.000718907	4
PREFLOP	LOW	MEDIUM	0.000000000000000000	0.000000000000000000	1.000000000000000000	0.000000000000000000	0.00973236	0	0.0	0.000000000000000000	0	2
PREFLOP	LOW	MEDIUM	0.000000000000000000	0.000000000000000000	1.000000000000000000	0.000000000000000000	0.000501128	0	0.0	0.000000000000000000	0	2
PREFLOP	LOW	MEDIUM	0.142857149243354800	0.285714298486709590	0.000000000000000000	0.000000000000000000	0.00251258	0.000843128	0.0	0.714285731315612790	0.00564947	3
PREFLOP	LOW	MEDIUM	0.000000000000000000	0.000000000000000000	0.666666686534881590	0.000000000000000000	0.00623136	0.00211719	0.0	0.333333343267440800	0.00410572	5
PREFLOP	LOW	MEDIUM	0.250000000000000000	0.250000000000000000	0.000000000000000000	0.000000000000000000	0.00167224	0	0.0	0.500000000000000000	0.00252812	4
PREFLOP	LOW	MEDIUM	0.000000000000000000	0.000000000000000000	1.000000000000000000	0.000000000000000000	0.00193892	0.00108092	0.0	0.000000000000000000	0	2
PREFLOP	LOW	MEDIUM	0.166666671633720400	0.333333343267440800	0.166666671633720400	0.000000000000000000	0.00230152	0.0013349	0.0	0.500000000000000000	0.00626769	5
PREFLOP	LOW	MEDIUM	0.000000000000000000	0.125000000000000000	0.250000000000000000	0.000000000000000000	0.00171749	0.00145635	0.0	0.750000000000000000	0.00311124	3
PREFLOP	LOW	MEDIUM	0.000000000000000000	0.250000000000000000	0.500000000000000000	0.000000000000000000	0.00335886	0.00282589	0.0	0.500000000000000000	0.00406918	5
PREFLOP	LOW	MEDIUM	0.000000000000000000	0.000000000000000000	1.000000000000000000	0.000000000000000000	0.00630804	0.00400124	0.0	0.000000000000000000	0	2
PREFLOP	LOW	MEDIUM	0.333333343267440800	0.333333343267440800	0.333333343267440800	0.000000000000000000	0.0103228	0.00356607	0.0	0.000000000000000000	0	4
PREFLOP	LOW	MEDIUM	0.166666671633720400	0.333333343267440800	0.333333343267440800	0.000000000000000000	0.00795932	0.0072373	0.0	0.333333343267440800	0.00337838	5
PREFLOP	LOW	MEDIUM	0.166666671633720400	0.333333343267440800	0.166666671633720400	0.000000000000000000	0.005452	0.00222594	0.0	0.500000000000000000	0.00428357	5
PREFLOP	LOW	MEDIUM	0.000000000000000000	0.000000000000000000	1.000000000000000000	0.000000000000000000	0.0053215	0.00197982	0.0	0.000000000000000000	0	2
PREFLOP	LOW	MEDIUM	0.000000000000000000	0.000000000000000000	0.000000000000000000	0.000000000000000000	0	0	0.0	1.000000000000000000	0.00100447	3
PREFLOP	LOW	MEDIUM	0.000000000000000000	0.333333343267440800	0.666666686534881590	0.000000000000000000	0.00471144	0.00558648	0.0	0.333333343267440800	0.00306586	5
PREFLOP	LOW	MEDIUM	0.062500000000000000	0.187500000000000000	0.375000000000000000	0.062500000000000000	0.00678459	0.00972294	0.0	0.437500000000000000	0.00614096	5
PREFLOP	LOW	MEDIUM	0.142857149243354800	0.190476194024086000	0.190476194024086000	0.000000000000000000	0.00785614	0.00466686	0.0	0.523809552192687990	0.00908152	5
PREFLOP	LOW	MEDIUM	0.000000000000000000	0.142857149243354800	0.714285731315612790	0.000000000000000000	0.0018056	0.000770312	0.0	0.285714298486709590	0.00154859	2
PREFLOP	LOW	MEDIUM	0.250000000000000000	0.333333343267440800	0.333333343267440800	0.000000000000000000	0.00780982	0.00481451	0.0	0.166666671633720400	0.008912	4
PREFLOP	LOW	MEDIUM	0.000000000000000000	0.000000000000000000	0.200000002980232240	0.000000000000000000	0.0104167	0	0.0	0.800000011920928960	0.00815316	3
PREFLOP	LOW	MEDIUM	0.000000000000000000	0.000000000000000000	1.000000000000000000	0.000000000000000000	0.00211864	0	0.0	0.000000000000000000	0	2
PREFLOP	LOW	MEDIUM	0.250000000000000000	0.500000000000000000	0.250000000000000000	0.000000000000000000	0.00373703	0.00106432	0.0	0.250000000000000000	0.00462963	4
PREFLOP	LOW	MEDIUM	0.000000000000000000	0.500000000000000000	0.500000000000000000	0.000000000000000000	0.010573	0.00747623	0.0	0.500000000000000000	0.0213691	5
PREFLOP	LOW	MEDIUM	0.000000000000000000	0.000000000000000000	1.000000000000000000	0.000000000000000000	0.00182815	0	0.0	0.000000000000000000	0	2
PREFLOP	LOW	MEDIUM	0.076923079788684845	0.307692319154739380	0.846153855323791500	0.000000000000000000	0.00241084	0.00236164	0.0	0.076923079788684845	0.00257069	2
PREFLOP	LOW	MEDIUM	0.125000000000000000	0.125000000000000000	0.750000000000000000	0.000000000000000000	0.00186266	0.0012391	0.0	0.125000000000000000	0.00100514	2
PREFLOP	LOW	MEDIUM	0.000000000000000000	0.142857149243354800	0.857142865657806400	0.000000000000000000	0.00440239	0.0040184	0.0	0.142857149243354800	0.00167785	2
PREFLOP	LOW	MEDIUM	0.111111111938953400	0.333333343267440800	0.555555582046508790	0.000000000000000000	0.00539843	0.00548847	0.0	0.222222223877906800	0.00583268	5
PREFLOP	LOW	MEDIUM	0.222222223877906800	0.333333343267440800	0.444444447755813600	0.000000000000000000	0.00913449	0.00558966	0.0	0.111111111938953400	0.00510204	4
PREFLOP	LOW	MEDIUM	0.111111111938953400	0.111111111938953400	0.111111111938953400	0.000000000000000000	0.00154977	0.00116056	0.0	0.666666686534881590	0.00470076	3
PREFLOP	LOW	MEDIUM	0.100000001490116120	0.400000005960464480	0.600000023841857910	0.000000000000000000	0.00261564	0.0015869	0.0	0.200000002980232240	0.00177901	5
PREFLOP	LOW	MEDIUM	0.500000000000000000	0.500000000000000000	0.000000000000000000	0.000000000000000000	0.00623053	0	0.0	0.000000000000000000	0	4
PREFLOP	LOW	MEDIUM	0.000000000000000000	0.000000000000000000	1.000000000000000000	0.000000000000000000	0.0120137	0.00949165	0.0	0.000000000000000000	0	2
PREFLOP	LOW	MEDIUM	0.000000000000000000	0.000000000000000000	0.200000002980232240	0.000000000000000000	0.00628931	0	0.0	0.800000011920928960	0.0031301	3
PREFLOP	LOW	MEDIUM	0.000000000000000000	0.285714298486709590	0.000000000000000000	0.000000000000000000	0.00163938	0.00144704	0.0	1.000000000000000000	0.00370321	3
PREFLOP	LOW	MEDIUM	0.000000000000000000	0.500000000000000000	1.000000000000000000	0.000000000000000000	0.00493308	0.00466785	0.0	0.000000000000000000	0	2
PREFLOP	LOW	MEDIUM	0.000000000000000000	0.000000000000000000	0.000000000000000000	0.000000000000000000	0	0	0.0	1.000000000000000000	0.00196972	3
PREFLOP	LOW	MEDIUM	0.192307695746421810	0.384615391492843630	0.384615391492843630	0.000000000000000000	0.00344745	0.00328	0.0	0.230769231915473940	0.00173531	4
PREFLOP	LOW	MEDIUM	0.000000000000000000	0.000000000000000000	0.333333343267440800	0.000000000000000000	0.00417661	0	0.0	0.666666686534881590	0.00479616	3
PREFLOP	LOW	MEDIUM	0.079999998211860657	0.280000001192092900	0.479999989271163940	0.000000000000000000	0.00469092	0.00998519	0.0	0.360000014305114750	0.00305785	5
PREFLOP	LOW	MEDIUM	0.157894730567932130	0.263157904148101810	0.210526317358016970	0.052631579339504242	0.00328628	0.002748	0.0	0.473684221506118770	0.0040856	5
PREFLOP	LOW	MEDIUM	0.000000000000000000	0.000000000000000000	0.200000002980232240	0.000000000000000000	0.00111421	0	0.0	0.800000011920928960	0.00153929	3
PREFLOP	LOW	MEDIUM	0.000000000000000000	0.250000000000000000	0.250000000000000000	0.000000000000000000	0.00200803	0.00141989	0.0	0.750000000000000000	0.00453153	3
PREFLOP	LOW	MEDIUM	0.000000000000000000	0.000000000000000000	1.000000000000000000	0.000000000000000000	0.012945	0	0.0	0.000000000000000000	0	2
PREFLOP	LOW	MEDIUM	0.000000000000000000	0.000000000000000000	1.000000000000000000	0.000000000000000000	0.0616236	0	0.0	0.000000000000000000	0	2
PREFLOP	LOW	MEDIUM	0.125000000000000000	0.250000000000000000	0.125000000000000000	0.000000000000000000	0.00486202	0.00360868	0.0	0.625000000000000000	0.00290023	3
PREFLOP	LOW	MEDIUM	0.071428574621677399	0.214285716414451600	0.428571432828903200	0.071428574621677399	0.00442089	0.00315554	0.0	0.357142865657806400	0.00944203	5
PREFLOP	LOW	MEDIUM	0.055555555969476700	0.222222223877906800	0.611111104488372800	0.055555555969476700	0.00332736	0.00379336	0.0	0.222222223877906800	0.00324541	5
PREFLOP	LOW	MEDIUM	0.000000000000000000	0.000000000000000000	0.000000000000000000	0.000000000000000000	0	0	0.0	1.000000000000000000	0.00977995	3
PREFLOP	LOW	MEDIUM	0.000000000000000000	0.000000000000000000	1.000000000000000000	0.000000000000000000	0.00288184	0	0.0	0.000000000000000000	0	2
PREFLOP	LOW	MEDIUM	0.000000000000000000	0.000000000000000000	0.000000000000000000	0.000000000000000000	0	0	0.0	1.000000000000000000	0.0268987	3
PREFLOP	LOW	MEDIUM	0.000000000000000000	0.000000000000000000	0.000000000000000000	0.000000000000000000	0	0	0.0	1.000000000000000000	0.00153315	3
PREFLOP	LOW	MEDIUM	0.000000000000000000	0.000000000000000000	0.000000000000000000	1.000000000000000000	0.0218579	0	0.0	0.000000000000000000	0	1
PREFLOP	LOW	MEDIUM	0.000000000000000000	1.000000000000000000	1.000000000000000000	0.000000000000000000	0.00378151	0.00267393	0.0	0.000000000000000000	0	2
PREFLOP	LOW	MEDIUM	0.000000000000000000	1.000000000000000000	1.000000000000000000	0.000000000000000000	0.00114548	0.000809973	0.0	0.000000000000000000	0	2
PREFLOP	LOW	MEDIUM	0.250000000000000000	0.250000000000000000	0.250000000000000000	0.000000000000000000	0.00251962	0.000847381	0.0	0.250000000000000000	0.00167785	4
PREFLOP	LOW	MEDIUM	0.000000000000000000	0.000000000000000000	0.666666686534881590	0.000000000000000000	0.00303755	0.0010275	0.0	0.333333343267440800	0.00179211	5
PREFLOP	LOW	MEDIUM	0.142857149243354800	0.571428596973419190	0.285714298486709590	0.142857149243354800	0.00558799	0.00621119	0.0	0.285714298486709590	0.00383052	5
PREFLOP	LOW	MEDIUM	0.000000000000000000	0.000000000000000000	0.000000000000000000	1.000000000000000000	0.00295359	0	0.0	0.000000000000000000	0	1
PREFLOP	LOW	MEDIUM	0.000000000000000000	0.000000000000000000	0.500000000000000000	0.000000000000000000	0.00687285	0	0.0	0.500000000000000000	0.00684932	5
PREFLOP	LOW	MEDIUM	0.000000000000000000	0.000000000000000000	0.500000000000000000	0.000000000000000000	0.00506329	0	0.0	0.500000000000000000	0.00510204	5
PREFLOP	LOW	MEDIUM	0.133333340287208560	0.200000002980232240	0.266666680574417110	0.066666670143604279	0.00338716	0.00174724	0.0	0.400000005960464480	0.00963001	5
