Phase	Pot%	Stack%	Check%	Bet%	Call%	Raise%	AvgBetAmt	AvgBetStdDev	AllIn%	Fold%	AvgFoldAmt	cluster
PREFLOP FLOP TURN RIVER	LOW MEDIUM	LOW HIGH MEDIUM	continuous	continuous	continuous	continuous	continuous	continuous	continuous	continuous	continuous	1 2 3 4 5
												class
TURN	LOW	MEDIUM	1.000000000000000000	0.000000000000000000	0.000000000000000000	0.000000000000000000	0	0	0.0	0.000000000000000000	0	3
TURN	LOW	MEDIUM	1.000000000000000000	0.000000000000000000	0.000000000000000000	0.000000000000000000	0	0	0.0	0.000000000000000000	0	3
TURN	LOW	MEDIUM	1.000000000000000000	0.000000000000000000	0.000000000000000000	0.000000000000000000	0	0	0.0	0.000000000000000000	0	3
TURN	LOW	MEDIUM	1.000000000000000000	0.000000000000000000	0.000000000000000000	0.000000000000000000	0	0	0.0	0.000000000000000000	0	3
TURN	LOW	MEDIUM	1.000000000000000000	0.000000000000000000	0.000000000000000000	0.000000000000000000	0	0	0.0	0.000000000000000000	0	3
TURN	LOW	MEDIUM	1.000000000000000000	0.000000000000000000	0.000000000000000000	0.000000000000000000	0	0	0.0	0.000000000000000000	0	3
TURN	LOW	MEDIUM	1.000000000000000000	0.000000000000000000	0.000000000000000000	0.000000000000000000	0	0	0.0	0.000000000000000000	0	3
TURN	LOW	MEDIUM	1.000000000000000000	0.000000000000000000	0.000000000000000000	0.000000000000000000	0	0	0.0	0.000000000000000000	0	3
TURN	LOW	MEDIUM	1.000000000000000000	0.000000000000000000	0.000000000000000000	0.000000000000000000	0	0	0.0	0.000000000000000000	0	3
TURN	LOW	MEDIUM	1.000000000000000000	0.000000000000000000	0.000000000000000000	0.000000000000000000	0	0	0.0	0.000000000000000000	0	3
TURN	LOW	MEDIUM	1.000000000000000000	0.000000000000000000	0.000000000000000000	0.000000000000000000	0	0	0.0	0.000000000000000000	0	3
TURN	LOW	MEDIUM	1.000000000000000000	0.000000000000000000	0.000000000000000000	0.000000000000000000	0	0	0.0	0.000000000000000000	0	3
TURN	LOW	MEDIUM	1.000000000000000000	0.000000000000000000	0.000000000000000000	0.000000000000000000	0	0	0.0	0.000000000000000000	0	3
TURN	LOW	MEDIUM	1.000000000000000000	0.000000000000000000	0.000000000000000000	0.000000000000000000	0	0	0.0	0.000000000000000000	0	3
TURN	LOW	MEDIUM	1.000000000000000000	0.000000000000000000	0.000000000000000000	0.000000000000000000	0	0	0.0	0.000000000000000000	0	3
TURN	LOW	MEDIUM	1.000000000000000000	0.000000000000000000	0.000000000000000000	0.000000000000000000	0	0	0.0	0.000000000000000000	0	3
TURN	LOW	MEDIUM	1.000000000000000000	0.000000000000000000	0.000000000000000000	0.000000000000000000	0	0	0.0	0.000000000000000000	0	3
TURN	LOW	MEDIUM	1.000000000000000000	0.000000000000000000	0.000000000000000000	0.000000000000000000	0	0	0.0	0.000000000000000000	0	3
TURN	LOW	MEDIUM	1.000000000000000000	0.000000000000000000	0.000000000000000000	0.000000000000000000	0	0	0.0	0.000000000000000000	0	3
TURN	LOW	MEDIUM	1.000000000000000000	0.000000000000000000	0.000000000000000000	0.000000000000000000	0	0	0.0	0.000000000000000000	0	3
TURN	LOW	MEDIUM	1.000000000000000000	0.000000000000000000	0.000000000000000000	0.000000000000000000	0	0	0.0	0.000000000000000000	0	3
TURN	LOW	MEDIUM	1.000000000000000000	0.000000000000000000	0.000000000000000000	0.000000000000000000	0	0	0.0	0.000000000000000000	0	3
TURN	LOW	MEDIUM	1.000000000000000000	0.000000000000000000	0.000000000000000000	0.000000000000000000	0	0	0.0	0.000000000000000000	0	3
TURN	LOW	MEDIUM	1.000000000000000000	0.000000000000000000	0.000000000000000000	0.000000000000000000	0	0	0.0	0.000000000000000000	0	3
TURN	LOW	MEDIUM	1.000000000000000000	0.000000000000000000	0.000000000000000000	0.000000000000000000	0	0	0.0	0.000000000000000000	0	3
TURN	LOW	MEDIUM	1.000000000000000000	0.000000000000000000	0.000000000000000000	0.000000000000000000	0	0	0.0	0.000000000000000000	0	3
TURN	LOW	MEDIUM	1.000000000000000000	0.000000000000000000	0.000000000000000000	0.000000000000000000	0	0	0.0	0.000000000000000000	0	3
TURN	LOW	MEDIUM	1.000000000000000000	0.000000000000000000	0.000000000000000000	0.000000000000000000	0	0	0.0	0.000000000000000000	0	3
TURN	LOW	MEDIUM	1.000000000000000000	0.000000000000000000	0.000000000000000000	0.000000000000000000	0	0	0.0	0.000000000000000000	0	3
TURN	LOW	MEDIUM	1.000000000000000000	0.000000000000000000	0.000000000000000000	0.000000000000000000	0	0	0.0	0.000000000000000000	0	3
TURN	LOW	MEDIUM	1.000000000000000000	0.000000000000000000	0.000000000000000000	0.000000000000000000	0	0	0.0	0.000000000000000000	0	3
TURN	LOW	MEDIUM	1.000000000000000000	0.000000000000000000	0.000000000000000000	0.000000000000000000	0	0	0.0	0.000000000000000000	0	3
TURN	LOW	MEDIUM	1.000000000000000000	0.000000000000000000	0.000000000000000000	0.000000000000000000	0	0	0.0	0.000000000000000000	0	3
TURN	LOW	MEDIUM	1.000000000000000000	0.000000000000000000	0.000000000000000000	0.000000000000000000	0	0	0.0	0.000000000000000000	0	3
TURN	LOW	MEDIUM	0.000000000000000000	0.000000000000000000	1.000000000000000000	0.000000000000000000	0.0132217	0	0.0	0.000000000000000000	0	4
TURN	LOW	MEDIUM	1.000000000000000000	0.000000000000000000	0.000000000000000000	0.000000000000000000	0	0	0.0	0.000000000000000000	0	3
TURN	LOW	MEDIUM	1.000000000000000000	0.000000000000000000	0.000000000000000000	0.000000000000000000	0	0	0.0	0.000000000000000000	0	3
TURN	LOW	MEDIUM	1.000000000000000000	0.000000000000000000	0.000000000000000000	0.000000000000000000	0	0	0.0	0.000000000000000000	0	3
TURN	LOW	MEDIUM	1.000000000000000000	0.000000000000000000	0.000000000000000000	0.000000000000000000	0	0	0.0	0.000000000000000000	0	3
TURN	LOW	MEDIUM	1.000000000000000000	0.000000000000000000	0.000000000000000000	0.000000000000000000	0	0	0.0	0.000000000000000000	0	3
TURN	LOW	MEDIUM	1.000000000000000000	0.000000000000000000	0.000000000000000000	0.000000000000000000	0	0	0.0	0.000000000000000000	0	3
TURN	LOW	MEDIUM	1.000000000000000000	0.000000000000000000	0.000000000000000000	0.000000000000000000	0	0	0.0	0.000000000000000000	0	3
TURN	LOW	MEDIUM	0.500000000000000000	0.000000000000000000	0.500000000000000000	0.000000000000000000	0.00994	0	0.0	0.000000000000000000	0	4
TURN	LOW	MEDIUM	1.000000000000000000	0.000000000000000000	0.000000000000000000	0.000000000000000000	0	0	0.0	0.000000000000000000	0	3
TURN	LOW	MEDIUM	1.000000000000000000	0.000000000000000000	0.000000000000000000	0.000000000000000000	0	0	0.0	0.000000000000000000	0	3
TURN	LOW	MEDIUM	1.000000000000000000	0.000000000000000000	0.000000000000000000	0.000000000000000000	0	0	0.0	0.000000000000000000	0	3
TURN	LOW	MEDIUM	1.000000000000000000	0.000000000000000000	0.000000000000000000	0.000000000000000000	0	0	0.0	0.000000000000000000	0	3
TURN	LOW	MEDIUM	0.750000000000000000	0.250000000000000000	0.000000000000000000	0.000000000000000000	0.0352615	0	0.0	0.000000000000000000	0	3
TURN	LOW	MEDIUM	1.000000000000000000	0.000000000000000000	0.000000000000000000	0.000000000000000000	0	0	0.0	0.000000000000000000	0	3
TURN	LOW	MEDIUM	1.000000000000000000	0.000000000000000000	0.000000000000000000	0.000000000000000000	0	0	0.0	0.000000000000000000	0	3
TURN	LOW	MEDIUM	1.000000000000000000	0.000000000000000000	0.000000000000000000	0.000000000000000000	0	0	0.0	0.000000000000000000	0	3
TURN	LOW	MEDIUM	1.000000000000000000	0.000000000000000000	0.000000000000000000	0.000000000000000000	0	0	0.0	0.000000000000000000	0	3
TURN	LOW	MEDIUM	1.000000000000000000	0.000000000000000000	0.000000000000000000	0.000000000000000000	0	0	0.0	0.000000000000000000	0	3
TURN	LOW	MEDIUM	1.000000000000000000	0.000000000000000000	0.000000000000000000	0.000000000000000000	0	0	0.0	0.000000000000000000	0	3
TURN	LOW	MEDIUM	1.000000000000000000	0.000000000000000000	0.000000000000000000	0.000000000000000000	0	0	0.0	0.000000000000000000	0	3
TURN	LOW	MEDIUM	1.000000000000000000	0.000000000000000000	0.000000000000000000	0.000000000000000000	0	0	0.0	0.000000000000000000	0	3
TURN	LOW	MEDIUM	1.000000000000000000	0.000000000000000000	0.000000000000000000	0.000000000000000000	0	0	0.0	0.000000000000000000	0	3
TURN	LOW	MEDIUM	1.000000000000000000	0.000000000000000000	0.000000000000000000	0.000000000000000000	0	0	0.0	0.000000000000000000	0	3
TURN	LOW	MEDIUM	1.000000000000000000	0.000000000000000000	0.000000000000000000	0.000000000000000000	0	0	0.0	0.000000000000000000	0	3
TURN	LOW	MEDIUM	0.500000000000000000	0.000000000000000000	0.500000000000000000	0.000000000000000000	0.00630372	0	0.0	0.000000000000000000	0	4
TURN	LOW	MEDIUM	0.000000000000000000	0.000000000000000000	0.000000000000000000	0.000000000000000000	0	0	0.0	1.000000000000000000	0.00107836	1
TURN	LOW	MEDIUM	1.000000000000000000	0.000000000000000000	0.000000000000000000	0.000000000000000000	0	0	0.0	0.000000000000000000	0	3
TURN	LOW	MEDIUM	0.000000000000000000	1.000000000000000000	0.000000000000000000	0.000000000000000000	0.116956	0	0.0	0.000000000000000000	0	2
TURN	LOW	MEDIUM	1.000000000000000000	0.000000000000000000	0.000000000000000000	0.000000000000000000	0	0	0.0	0.000000000000000000	0	3
TURN	LOW	MEDIUM	1.000000000000000000	0.000000000000000000	0.000000000000000000	0.000000000000000000	0	0	0.0	0.000000000000000000	0	3
TURN	LOW	MEDIUM	1.000000000000000000	0.000000000000000000	0.000000000000000000	0.000000000000000000	0	0	0.0	0.000000000000000000	0	3
TURN	LOW	MEDIUM	1.000000000000000000	0.000000000000000000	0.000000000000000000	0.000000000000000000	0	0	0.0	0.000000000000000000	0	3
TURN	LOW	MEDIUM	0.000000000000000000	1.000000000000000000	0.000000000000000000	0.000000000000000000	0.152666	0	0.0	0.000000000000000000	0	2
TURN	LOW	MEDIUM	0.500000000000000000	0.500000000000000000	0.000000000000000000	0.000000000000000000	0.095321	0	0.0	0.000000000000000000	0	5
TURN	LOW	MEDIUM	1.000000000000000000	0.000000000000000000	0.000000000000000000	0.000000000000000000	0	0	0.0	0.000000000000000000	0	3
TURN	LOW	MEDIUM	1.000000000000000000	0.000000000000000000	0.000000000000000000	0.000000000000000000	0	0	0.0	0.000000000000000000	0	3
TURN	LOW	MEDIUM	1.000000000000000000	0.000000000000000000	0.000000000000000000	0.000000000000000000	0	0	0.0	0.000000000000000000	0	3
TURN	LOW	MEDIUM	1.000000000000000000	0.000000000000000000	0.000000000000000000	0.000000000000000000	0	0	0.0	0.000000000000000000	0	3
TURN	LOW	MEDIUM	1.000000000000000000	0.000000000000000000	0.000000000000000000	0.000000000000000000	0	0	0.0	0.000000000000000000	0	3
TURN	LOW	MEDIUM	1.000000000000000000	0.000000000000000000	0.000000000000000000	0.000000000000000000	0	0	0.0	0.000000000000000000	0	3
TURN	LOW	MEDIUM	1.000000000000000000	0.000000000000000000	0.000000000000000000	0.000000000000000000	0	0	0.0	0.000000000000000000	0	3
TURN	LOW	MEDIUM	1.000000000000000000	0.000000000000000000	0.000000000000000000	0.000000000000000000	0	0	0.0	0.000000000000000000	0	3
TURN	LOW	MEDIUM	1.000000000000000000	0.000000000000000000	0.000000000000000000	0.000000000000000000	0	0	0.0	0.000000000000000000	0	3
TURN	LOW	MEDIUM	1.000000000000000000	0.000000000000000000	0.000000000000000000	0.000000000000000000	0	0	0.0	0.000000000000000000	0	3
TURN	LOW	MEDIUM	1.000000000000000000	0.000000000000000000	0.000000000000000000	0.000000000000000000	0	0	0.0	0.000000000000000000	0	3
TURN	LOW	MEDIUM	1.000000000000000000	0.000000000000000000	0.000000000000000000	0.000000000000000000	0	0	0.0	0.000000000000000000	0	3
TURN	LOW	MEDIUM	1.000000000000000000	0.000000000000000000	0.000000000000000000	0.000000000000000000	0	0	0.0	0.000000000000000000	0	3
TURN	LOW	MEDIUM	1.000000000000000000	0.000000000000000000	0.000000000000000000	0.000000000000000000	0	0	0.0	0.000000000000000000	0	3
TURN	LOW	MEDIUM	1.000000000000000000	0.000000000000000000	0.000000000000000000	0.000000000000000000	0	0	0.0	0.000000000000000000	0	3
TURN	LOW	MEDIUM	1.000000000000000000	0.000000000000000000	0.000000000000000000	0.000000000000000000	0	0	0.0	0.000000000000000000	0	3
TURN	LOW	MEDIUM	1.000000000000000000	0.000000000000000000	0.000000000000000000	0.000000000000000000	0	0	0.0	0.000000000000000000	0	3
TURN	LOW	MEDIUM	1.000000000000000000	0.000000000000000000	0.000000000000000000	0.000000000000000000	0	0	0.0	0.000000000000000000	0	3
TURN	LOW	MEDIUM	1.000000000000000000	0.000000000000000000	0.000000000000000000	0.000000000000000000	0	0	0.0	0.000000000000000000	0	3
TURN	LOW	MEDIUM	1.000000000000000000	0.000000000000000000	0.000000000000000000	0.000000000000000000	0	0	0.0	0.000000000000000000	0	3
TURN	LOW	MEDIUM	1.000000000000000000	0.000000000000000000	0.000000000000000000	0.000000000000000000	0	0	0.0	0.000000000000000000	0	3
TURN	LOW	MEDIUM	1.000000000000000000	0.000000000000000000	0.000000000000000000	0.000000000000000000	0	0	0.0	0.000000000000000000	0	3
TURN	LOW	MEDIUM	1.000000000000000000	0.000000000000000000	0.000000000000000000	0.000000000000000000	0	0	0.0	0.000000000000000000	0	3
TURN	LOW	MEDIUM	1.000000000000000000	0.000000000000000000	0.000000000000000000	0.000000000000000000	0	0	0.0	0.000000000000000000	0	3
TURN	LOW	MEDIUM	1.000000000000000000	0.000000000000000000	0.000000000000000000	0.000000000000000000	0	0	0.0	0.000000000000000000	0	3
TURN	LOW	MEDIUM	1.000000000000000000	0.000000000000000000	0.000000000000000000	0.000000000000000000	0	0	0.0	0.000000000000000000	0	3
TURN	LOW	MEDIUM	1.000000000000000000	0.000000000000000000	0.000000000000000000	0.000000000000000000	0	0	0.0	0.000000000000000000	0	3
TURN	LOW	MEDIUM	1.000000000000000000	0.000000000000000000	0.000000000000000000	0.000000000000000000	0	0	0.0	0.000000000000000000	0	3
TURN	LOW	MEDIUM	1.000000000000000000	0.000000000000000000	0.000000000000000000	0.000000000000000000	0	0	0.0	0.000000000000000000	0	3
TURN	LOW	MEDIUM	1.000000000000000000	0.000000000000000000	0.000000000000000000	0.000000000000000000	0	0	0.0	0.000000000000000000	0	3
TURN	LOW	MEDIUM	1.000000000000000000	0.000000000000000000	0.000000000000000000	0.000000000000000000	0	0	0.0	0.000000000000000000	0	3
TURN	LOW	MEDIUM	1.000000000000000000	0.000000000000000000	0.000000000000000000	0.000000000000000000	0	0	0.0	0.000000000000000000	0	3
TURN	LOW	MEDIUM	0.500000000000000000	0.000000000000000000	0.500000000000000000	0.000000000000000000	0.0344828	0	0.0	0.000000000000000000	0	4
TURN	LOW	MEDIUM	1.000000000000000000	0.000000000000000000	0.000000000000000000	0.000000000000000000	0	0	0.0	0.000000000000000000	0	3
TURN	LOW	MEDIUM	1.000000000000000000	0.000000000000000000	0.000000000000000000	0.000000000000000000	0	0	0.0	0.000000000000000000	0	3
TURN	LOW	MEDIUM	1.000000000000000000	0.000000000000000000	0.000000000000000000	0.000000000000000000	0	0	0.0	0.000000000000000000	0	3
TURN	LOW	MEDIUM	1.000000000000000000	0.000000000000000000	0.000000000000000000	0.000000000000000000	0	0	0.0	0.000000000000000000	0	3
TURN	LOW	MEDIUM	1.000000000000000000	0.000000000000000000	0.000000000000000000	0.000000000000000000	0	0	0.0	0.000000000000000000	0	3
TURN	LOW	MEDIUM	1.000000000000000000	0.000000000000000000	0.000000000000000000	0.000000000000000000	0	0	0.0	0.000000000000000000	0	3
TURN	LOW	MEDIUM	1.000000000000000000	0.000000000000000000	0.000000000000000000	0.000000000000000000	0	0	0.0	0.000000000000000000	0	3
TURN	LOW	MEDIUM	1.000000000000000000	0.000000000000000000	0.000000000000000000	0.000000000000000000	0	0	0.0	0.000000000000000000	0	3
TURN	LOW	MEDIUM	1.000000000000000000	0.000000000000000000	0.000000000000000000	0.000000000000000000	0	0	0.0	0.000000000000000000	0	3
TURN	LOW	MEDIUM	1.000000000000000000	0.000000000000000000	0.000000000000000000	0.000000000000000000	0	0	0.0	0.000000000000000000	0	3
