Phase	Pot%	Stack%	Check%	Bet%	Call%	Raise%	AvgBetAmt	AvgBetStdDev	AllIn%	Fold%	AvgFoldAmt	cluster
PREFLOP FLOP TURN RIVER	LOW MEDIUM	LOW HIGH MEDIUM	continuous	continuous	continuous	continuous	continuous	continuous	continuous	continuous	continuous	1 2 3 4 5
												class
RIVER	LOW	LOW	1.000000000000000000	0.000000000000000000	0.000000000000000000	0.000000000000000000	0	0	0.0	0.000000000000000000	0	2
RIVER	LOW	LOW	1.000000000000000000	0.000000000000000000	0.000000000000000000	0.000000000000000000	0	0	0.0	0.000000000000000000	0	2
RIVER	LOW	LOW	1.000000000000000000	0.000000000000000000	0.000000000000000000	0.000000000000000000	0	0	0.0	0.000000000000000000	0	2
RIVER	LOW	LOW	1.000000000000000000	0.000000000000000000	0.000000000000000000	0.000000000000000000	0	0	0.0	0.000000000000000000	0	2
RIVER	LOW	LOW	1.000000000000000000	0.000000000000000000	0.000000000000000000	0.000000000000000000	0	0	0.0	0.000000000000000000	0	2
RIVER	LOW	LOW	0.666666686534881590	0.333333343267440800	0.000000000000000000	0.000000000000000000	0.0229885	0	0.0	0.000000000000000000	0	4
RIVER	LOW	LOW	1.000000000000000000	0.000000000000000000	0.000000000000000000	0.000000000000000000	0	0	0.0	0.000000000000000000	0	2
RIVER	LOW	LOW	0.000000000000000000	0.000000000000000000	1.000000000000000000	0.000000000000000000	0.0235294	0	0.0	0.000000000000000000	0	1
RIVER	LOW	LOW	1.000000000000000000	0.000000000000000000	0.000000000000000000	0.000000000000000000	0	0	0.0	0.000000000000000000	0	2
RIVER	LOW	LOW	1.000000000000000000	0.000000000000000000	0.000000000000000000	0.000000000000000000	0	0	0.0	0.000000000000000000	0	2
RIVER	LOW	LOW	1.000000000000000000	0.000000000000000000	0.000000000000000000	0.000000000000000000	0	0	0.0	0.000000000000000000	0	2
RIVER	LOW	LOW	1.000000000000000000	0.000000000000000000	0.000000000000000000	0.000000000000000000	0	0	0.0	0.000000000000000000	0	2
RIVER	LOW	LOW	1.000000000000000000	0.000000000000000000	0.000000000000000000	0.000000000000000000	0	0	0.0	0.000000000000000000	0	2
RIVER	LOW	LOW	1.000000000000000000	0.000000000000000000	0.000000000000000000	0.000000000000000000	0	0	0.0	0.000000000000000000	0	2
RIVER	LOW	LOW	1.000000000000000000	0.000000000000000000	0.000000000000000000	0.000000000000000000	0	0	0.0	0.000000000000000000	0	2
RIVER	LOW	LOW	1.000000000000000000	0.000000000000000000	0.000000000000000000	0.000000000000000000	0	0	0.0	0.000000000000000000	0	2
RIVER	LOW	LOW	1.000000000000000000	0.000000000000000000	0.000000000000000000	0.000000000000000000	0	0	0.0	0.000000000000000000	0	2
RIVER	LOW	LOW	1.000000000000000000	0.000000000000000000	0.000000000000000000	0.000000000000000000	0	0	0.0	0.000000000000000000	0	2
RIVER	LOW	LOW	1.000000000000000000	0.000000000000000000	0.000000000000000000	0.000000000000000000	0	0	0.0	0.000000000000000000	0	2
RIVER	LOW	LOW	1.000000000000000000	0.000000000000000000	0.000000000000000000	0.000000000000000000	0	0	0.0	0.000000000000000000	0	2
RIVER	LOW	LOW	1.000000000000000000	0.000000000000000000	0.000000000000000000	0.000000000000000000	0	0	0.0	0.000000000000000000	0	2
RIVER	LOW	LOW	1.000000000000000000	0.000000000000000000	0.000000000000000000	0.000000000000000000	0	0	0.0	0.000000000000000000	0	2
RIVER	LOW	LOW	1.000000000000000000	0.000000000000000000	0.000000000000000000	0.000000000000000000	0	0	0.0	0.000000000000000000	0	2
RIVER	LOW	LOW	1.000000000000000000	0.000000000000000000	0.000000000000000000	0.000000000000000000	0	0	0.0	0.000000000000000000	0	2
RIVER	LOW	LOW	1.000000000000000000	0.000000000000000000	0.000000000000000000	0.000000000000000000	0	0	0.0	0.000000000000000000	0	2
RIVER	LOW	LOW	1.000000000000000000	0.000000000000000000	0.000000000000000000	0.000000000000000000	0	0	0.0	0.000000000000000000	0	2
RIVER	LOW	LOW	1.000000000000000000	0.000000000000000000	0.000000000000000000	0.000000000000000000	0	0	0.0	0.000000000000000000	0	2
RIVER	LOW	LOW	1.000000000000000000	0.000000000000000000	0.000000000000000000	0.000000000000000000	0	0	0.0	0.000000000000000000	0	2
RIVER	LOW	LOW	1.000000000000000000	0.000000000000000000	0.000000000000000000	0.000000000000000000	0	0	0.0	0.000000000000000000	0	2
RIVER	LOW	LOW	1.000000000000000000	0.000000000000000000	0.000000000000000000	0.000000000000000000	0	0	0.0	0.000000000000000000	0	2
RIVER	LOW	LOW	1.000000000000000000	0.000000000000000000	0.000000000000000000	0.000000000000000000	0	0	0.0	0.000000000000000000	0	2
RIVER	LOW	LOW	1.000000000000000000	0.000000000000000000	0.000000000000000000	0.000000000000000000	0	0	0.0	0.000000000000000000	0	2
RIVER	LOW	LOW	1.000000000000000000	0.000000000000000000	0.000000000000000000	0.000000000000000000	0	0	0.0	0.000000000000000000	0	2
RIVER	LOW	LOW	1.000000000000000000	0.000000000000000000	0.000000000000000000	0.000000000000000000	0	0	0.0	0.000000000000000000	0	2
RIVER	LOW	LOW	1.000000000000000000	0.000000000000000000	0.000000000000000000	0.000000000000000000	0	0	0.0	0.000000000000000000	0	2
RIVER	LOW	LOW	1.000000000000000000	0.000000000000000000	0.000000000000000000	0.000000000000000000	0	0	0.0	0.000000000000000000	0	2
RIVER	LOW	LOW	1.000000000000000000	0.000000000000000000	0.000000000000000000	0.000000000000000000	0	0	0.0	0.000000000000000000	0	2
RIVER	LOW	LOW	1.000000000000000000	0.000000000000000000	0.000000000000000000	0.000000000000000000	0	0	0.0	0.000000000000000000	0	2
RIVER	LOW	LOW	1.000000000000000000	0.000000000000000000	0.000000000000000000	0.000000000000000000	0	0	0.0	0.000000000000000000	0	2
RIVER	LOW	LOW	1.000000000000000000	0.000000000000000000	0.000000000000000000	0.000000000000000000	0	0	0.0	0.000000000000000000	0	2
RIVER	LOW	LOW	1.000000000000000000	0.000000000000000000	0.000000000000000000	0.000000000000000000	0	0	0.0	0.000000000000000000	0	2
RIVER	LOW	LOW	1.000000000000000000	0.000000000000000000	0.000000000000000000	0.000000000000000000	0	0	0.0	0.000000000000000000	0	2
RIVER	LOW	LOW	1.000000000000000000	0.000000000000000000	0.000000000000000000	0.000000000000000000	0	0	0.0	0.000000000000000000	0	2
RIVER	LOW	LOW	1.000000000000000000	0.000000000000000000	0.000000000000000000	0.000000000000000000	0	0	0.0	0.000000000000000000	0	2
RIVER	LOW	LOW	1.000000000000000000	0.000000000000000000	0.000000000000000000	0.000000000000000000	0	0	0.0	0.000000000000000000	0	2
RIVER	LOW	LOW	1.000000000000000000	0.000000000000000000	0.000000000000000000	0.000000000000000000	0	0	0.0	0.000000000000000000	0	2
RIVER	LOW	LOW	0.000000000000000000	1.000000000000000000	0.000000000000000000	0.000000000000000000	0	0	0.0	0.000000000000000000	0	3
RIVER	LOW	LOW	1.000000000000000000	0.000000000000000000	0.000000000000000000	0.000000000000000000	0	0	0.0	0.000000000000000000	0	2
RIVER	LOW	LOW	1.000000000000000000	0.000000000000000000	0.000000000000000000	0.000000000000000000	0	0	0.0	0.000000000000000000	0	2
RIVER	LOW	LOW	0.333333343267440800	0.666666686534881590	0.000000000000000000	0.000000000000000000	0	0	0.0	0.000000000000000000	0	5
RIVER	LOW	LOW	1.000000000000000000	0.000000000000000000	0.000000000000000000	0.000000000000000000	0	0	0.0	0.000000000000000000	0	2
RIVER	LOW	LOW	1.000000000000000000	0.000000000000000000	0.000000000000000000	0.000000000000000000	0	0	0.0	0.000000000000000000	0	2
RIVER	LOW	LOW	1.000000000000000000	0.000000000000000000	0.000000000000000000	0.000000000000000000	0	0	0.0	0.000000000000000000	0	2
RIVER	LOW	LOW	1.000000000000000000	0.000000000000000000	0.000000000000000000	0.000000000000000000	0	0	0.0	0.000000000000000000	0	2
RIVER	LOW	LOW	1.000000000000000000	0.000000000000000000	0.000000000000000000	0.000000000000000000	0	0	0.0	0.000000000000000000	0	2
RIVER	LOW	LOW	1.000000000000000000	0.000000000000000000	0.000000000000000000	0.000000000000000000	0	0	0.0	0.000000000000000000	0	2
RIVER	LOW	LOW	1.000000000000000000	0.000000000000000000	0.000000000000000000	0.000000000000000000	0	0	0.0	0.000000000000000000	0	2
RIVER	LOW	LOW	0.857142865657806400	0.142857149243354800	0.000000000000000000	0.000000000000000000	0.021978	0	0.0	0.000000000000000000	0	4
RIVER	LOW	LOW	1.000000000000000000	0.000000000000000000	0.000000000000000000	0.000000000000000000	0	0	0.0	0.000000000000000000	0	2
RIVER	LOW	LOW	1.000000000000000000	0.000000000000000000	0.000000000000000000	0.000000000000000000	0	0	0.0	0.000000000000000000	0	2
RIVER	LOW	LOW	1.000000000000000000	0.000000000000000000	0.000000000000000000	0.000000000000000000	0	0	0.0	0.000000000000000000	0	2
RIVER	LOW	LOW	1.000000000000000000	0.000000000000000000	0.000000000000000000	0.000000000000000000	0	0	0.0	0.000000000000000000	0	2
RIVER	LOW	LOW	1.000000000000000000	0.000000000000000000	0.000000000000000000	0.000000000000000000	0	0	0.0	0.000000000000000000	0	2
RIVER	LOW	LOW	1.000000000000000000	0.000000000000000000	0.000000000000000000	0.000000000000000000	0	0	0.0	0.000000000000000000	0	2
RIVER	LOW	LOW	1.000000000000000000	0.000000000000000000	0.000000000000000000	0.000000000000000000	0	0	0.0	0.000000000000000000	0	2
RIVER	LOW	LOW	1.000000000000000000	0.000000000000000000	0.000000000000000000	0.000000000000000000	0	0	0.0	0.000000000000000000	0	2
RIVER	LOW	LOW	1.000000000000000000	0.000000000000000000	0.000000000000000000	0.000000000000000000	0	0	0.0	0.000000000000000000	0	2
RIVER	LOW	LOW	1.000000000000000000	0.000000000000000000	0.000000000000000000	0.000000000000000000	0	0	0.0	0.000000000000000000	0	2
RIVER	LOW	LOW	1.000000000000000000	0.000000000000000000	0.000000000000000000	0.000000000000000000	0	0	0.0	0.000000000000000000	0	2
RIVER	LOW	LOW	1.000000000000000000	0.000000000000000000	0.000000000000000000	0.000000000000000000	0	0	0.0	0.000000000000000000	0	2
RIVER	LOW	LOW	1.000000000000000000	0.000000000000000000	0.000000000000000000	0.000000000000000000	0	0	0.0	0.000000000000000000	0	2
RIVER	LOW	LOW	1.000000000000000000	0.000000000000000000	0.000000000000000000	0.000000000000000000	0	0	0.0	0.000000000000000000	0	2
RIVER	LOW	LOW	1.000000000000000000	0.000000000000000000	0.000000000000000000	0.000000000000000000	0	0	0.0	0.000000000000000000	0	2
RIVER	LOW	LOW	1.000000000000000000	0.000000000000000000	0.000000000000000000	0.000000000000000000	0	0	0.0	0.000000000000000000	0	2
RIVER	LOW	LOW	1.000000000000000000	0.000000000000000000	0.000000000000000000	0.000000000000000000	0	0	0.0	0.000000000000000000	0	2
RIVER	LOW	LOW	1.000000000000000000	0.000000000000000000	0.000000000000000000	0.000000000000000000	0	0	0.0	0.000000000000000000	0	2
RIVER	LOW	LOW	1.000000000000000000	0.000000000000000000	0.000000000000000000	0.000000000000000000	0	0	0.0	0.000000000000000000	0	2
RIVER	LOW	LOW	1.000000000000000000	0.000000000000000000	0.000000000000000000	0.000000000000000000	0	0	0.0	0.000000000000000000	0	2
RIVER	LOW	LOW	1.000000000000000000	0.000000000000000000	0.000000000000000000	0.000000000000000000	0	0	0.0	0.000000000000000000	0	2
RIVER	LOW	LOW	1.000000000000000000	0.000000000000000000	0.000000000000000000	0.000000000000000000	0	0	0.0	0.000000000000000000	0	2
RIVER	LOW	LOW	1.000000000000000000	0.000000000000000000	0.000000000000000000	0.000000000000000000	0	0	0.0	0.000000000000000000	0	2
RIVER	LOW	LOW	1.000000000000000000	0.000000000000000000	0.000000000000000000	0.000000000000000000	0	0	0.0	0.000000000000000000	0	2
RIVER	LOW	LOW	1.000000000000000000	0.000000000000000000	0.000000000000000000	0.000000000000000000	0	0	0.0	0.000000000000000000	0	2
RIVER	LOW	LOW	1.000000000000000000	0.000000000000000000	0.000000000000000000	0.000000000000000000	0	0	0.0	0.000000000000000000	0	2
RIVER	LOW	LOW	1.000000000000000000	0.000000000000000000	0.000000000000000000	0.000000000000000000	0	0	0.0	0.000000000000000000	0	2
RIVER	LOW	LOW	1.000000000000000000	0.000000000000000000	0.000000000000000000	0.000000000000000000	0	0	0.0	0.000000000000000000	0	2
RIVER	LOW	LOW	1.000000000000000000	0.000000000000000000	0.000000000000000000	0.000000000000000000	0	0	0.0	0.000000000000000000	0	2
RIVER	LOW	LOW	1.000000000000000000	0.000000000000000000	0.000000000000000000	0.000000000000000000	0	0	0.0	0.000000000000000000	0	2
RIVER	LOW	LOW	1.000000000000000000	0.000000000000000000	0.000000000000000000	0.000000000000000000	0	0	0.0	0.000000000000000000	0	2
RIVER	LOW	LOW	1.000000000000000000	0.000000000000000000	0.000000000000000000	0.000000000000000000	0	0	0.0	0.000000000000000000	0	2
RIVER	LOW	LOW	1.000000000000000000	0.000000000000000000	0.000000000000000000	0.000000000000000000	0	0	0.0	0.000000000000000000	0	2
RIVER	LOW	LOW	1.000000000000000000	0.000000000000000000	0.000000000000000000	0.000000000000000000	0	0	0.0	0.000000000000000000	0	2
RIVER	LOW	LOW	1.000000000000000000	0.000000000000000000	0.000000000000000000	0.000000000000000000	0	0	0.0	0.000000000000000000	0	2
RIVER	LOW	LOW	1.000000000000000000	0.000000000000000000	0.000000000000000000	0.000000000000000000	0	0	0.0	0.000000000000000000	0	2
RIVER	LOW	LOW	1.000000000000000000	0.000000000000000000	0.000000000000000000	0.000000000000000000	0	0	0.0	0.000000000000000000	0	2
RIVER	LOW	LOW	1.000000000000000000	0.000000000000000000	0.000000000000000000	0.000000000000000000	0	0	0.0	0.000000000000000000	0	2
RIVER	LOW	LOW	0.750000000000000000	0.250000000000000000	0.000000000000000000	0.000000000000000000	0	0	0.0	0.000000000000000000	0	2
RIVER	LOW	LOW	1.000000000000000000	0.000000000000000000	0.000000000000000000	0.000000000000000000	0	0	0.0	0.000000000000000000	0	2
RIVER	LOW	LOW	1.000000000000000000	0.000000000000000000	0.000000000000000000	0.000000000000000000	0	0	0.0	0.000000000000000000	0	2
RIVER	LOW	LOW	1.000000000000000000	0.000000000000000000	0.000000000000000000	0.000000000000000000	0	0	0.0	0.000000000000000000	0	2
RIVER	LOW	LOW	1.000000000000000000	0.000000000000000000	0.000000000000000000	0.000000000000000000	0	0	0.0	0.000000000000000000	0	2
RIVER	LOW	LOW	1.000000000000000000	0.000000000000000000	0.000000000000000000	0.000000000000000000	0	0	0.0	0.000000000000000000	0	2
RIVER	LOW	LOW	1.000000000000000000	0.000000000000000000	0.000000000000000000	0.000000000000000000	0	0	0.0	0.000000000000000000	0	2
RIVER	LOW	LOW	1.000000000000000000	0.000000000000000000	0.000000000000000000	0.000000000000000000	0	0	0.0	0.000000000000000000	0	2
RIVER	LOW	LOW	1.000000000000000000	0.000000000000000000	0.000000000000000000	0.000000000000000000	0	0	0.0	0.000000000000000000	0	2
RIVER	LOW	LOW	1.000000000000000000	0.000000000000000000	0.000000000000000000	0.000000000000000000	0	0	0.0	0.000000000000000000	0	2
RIVER	LOW	LOW	1.000000000000000000	0.000000000000000000	0.000000000000000000	0.000000000000000000	0	0	0.0	0.000000000000000000	0	2
RIVER	LOW	LOW	1.000000000000000000	0.000000000000000000	0.000000000000000000	0.000000000000000000	0	0	0.0	0.000000000000000000	0	2
RIVER	LOW	LOW	1.000000000000000000	0.000000000000000000	0.000000000000000000	0.000000000000000000	0	0	0.0	0.000000000000000000	0	2
RIVER	LOW	LOW	1.000000000000000000	0.000000000000000000	0.000000000000000000	0.000000000000000000	0	0	0.0	0.000000000000000000	0	2
RIVER	LOW	LOW	1.000000000000000000	0.000000000000000000	0.000000000000000000	0.000000000000000000	0	0	0.0	0.000000000000000000	0	2
RIVER	LOW	LOW	1.000000000000000000	0.000000000000000000	0.000000000000000000	0.000000000000000000	0	0	0.0	0.000000000000000000	0	2
RIVER	LOW	LOW	0.000000000000000000	1.000000000000000000	0.000000000000000000	0.000000000000000000	0	0	0.0	0.000000000000000000	0	3
RIVER	LOW	LOW	1.000000000000000000	0.000000000000000000	0.000000000000000000	0.000000000000000000	0	0	0.0	0.000000000000000000	0	2
RIVER	LOW	LOW	1.000000000000000000	0.000000000000000000	0.000000000000000000	0.000000000000000000	0	0	0.0	0.000000000000000000	0	2
RIVER	LOW	LOW	1.000000000000000000	0.000000000000000000	0.000000000000000000	0.000000000000000000	0	0	0.0	0.000000000000000000	0	2
RIVER	LOW	LOW	1.000000000000000000	0.000000000000000000	0.000000000000000000	0.000000000000000000	0	0	0.0	0.000000000000000000	0	2
RIVER	LOW	LOW	1.000000000000000000	0.000000000000000000	0.000000000000000000	0.000000000000000000	0	0	0.0	0.000000000000000000	0	2
RIVER	LOW	LOW	1.000000000000000000	0.000000000000000000	0.000000000000000000	0.000000000000000000	0	0	0.0	0.000000000000000000	0	2
RIVER	LOW	LOW	1.000000000000000000	0.000000000000000000	0.000000000000000000	0.000000000000000000	0	0	0.0	0.000000000000000000	0	2
RIVER	LOW	LOW	1.000000000000000000	0.000000000000000000	0.000000000000000000	0.000000000000000000	0	0	0.0	0.000000000000000000	0	2
RIVER	LOW	LOW	0.000000000000000000	1.000000000000000000	0.000000000000000000	0.000000000000000000	0	0	0.0	0.000000000000000000	0	3
RIVER	LOW	LOW	1.000000000000000000	0.000000000000000000	0.000000000000000000	0.000000000000000000	0	0	0.0	0.000000000000000000	0	2
RIVER	LOW	LOW	1.000000000000000000	0.000000000000000000	0.000000000000000000	0.000000000000000000	0	0	0.0	0.000000000000000000	0	2
RIVER	LOW	LOW	1.000000000000000000	0.000000000000000000	0.000000000000000000	0.000000000000000000	0	0	0.0	0.000000000000000000	0	2
RIVER	LOW	LOW	1.000000000000000000	0.000000000000000000	0.000000000000000000	0.000000000000000000	0	0	0.0	0.000000000000000000	0	2
RIVER	LOW	LOW	1.000000000000000000	0.000000000000000000	0.000000000000000000	0.000000000000000000	0	0	0.0	0.000000000000000000	0	2
RIVER	LOW	LOW	1.000000000000000000	0.000000000000000000	0.000000000000000000	0.000000000000000000	0	0	0.0	0.000000000000000000	0	2
RIVER	LOW	LOW	1.000000000000000000	0.000000000000000000	0.000000000000000000	0.000000000000000000	0	0	0.0	0.000000000000000000	0	2
RIVER	LOW	LOW	1.000000000000000000	0.000000000000000000	0.000000000000000000	0.000000000000000000	0	0	0.0	0.000000000000000000	0	2
RIVER	LOW	LOW	0.000000000000000000	1.000000000000000000	0.000000000000000000	0.000000000000000000	0	0	0.0	0.000000000000000000	0	3
RIVER	LOW	LOW	1.000000000000000000	0.000000000000000000	0.000000000000000000	0.000000000000000000	0	0	0.0	0.000000000000000000	0	2
RIVER	LOW	LOW	1.000000000000000000	0.000000000000000000	0.000000000000000000	0.000000000000000000	0	0	0.0	0.000000000000000000	0	2
RIVER	LOW	LOW	1.000000000000000000	0.000000000000000000	0.000000000000000000	0.000000000000000000	0	0	0.0	0.000000000000000000	0	2
RIVER	LOW	LOW	1.000000000000000000	0.000000000000000000	0.000000000000000000	0.000000000000000000	0	0	0.0	0.000000000000000000	0	2
RIVER	LOW	LOW	1.000000000000000000	0.000000000000000000	0.000000000000000000	0.000000000000000000	0	0	0.0	0.000000000000000000	0	2
RIVER	LOW	LOW	1.000000000000000000	0.000000000000000000	0.000000000000000000	0.000000000000000000	0	0	0.0	0.000000000000000000	0	2
RIVER	LOW	LOW	1.000000000000000000	0.000000000000000000	0.000000000000000000	0.000000000000000000	0	0	0.0	0.000000000000000000	0	2
RIVER	LOW	LOW	1.000000000000000000	0.000000000000000000	0.000000000000000000	0.000000000000000000	0	0	0.0	0.000000000000000000	0	2
RIVER	LOW	LOW	1.000000000000000000	0.000000000000000000	0.000000000000000000	0.000000000000000000	0	0	0.0	0.000000000000000000	0	2
RIVER	LOW	LOW	1.000000000000000000	0.000000000000000000	0.000000000000000000	0.000000000000000000	0	0	0.0	0.000000000000000000	0	2
RIVER	LOW	LOW	1.000000000000000000	0.000000000000000000	0.000000000000000000	0.000000000000000000	0	0	0.0	0.000000000000000000	0	2
RIVER	LOW	LOW	0.666666686534881590	0.333333343267440800	0.000000000000000000	0.000000000000000000	0.0224719	0	0.0	0.000000000000000000	0	4
RIVER	LOW	LOW	1.000000000000000000	0.000000000000000000	0.000000000000000000	0.000000000000000000	0	0	0.0	0.000000000000000000	0	2
RIVER	LOW	LOW	1.000000000000000000	0.000000000000000000	0.000000000000000000	0.000000000000000000	0	0	0.0	0.000000000000000000	0	2
RIVER	LOW	LOW	0.500000000000000000	0.500000000000000000	0.000000000000000000	0.000000000000000000	0	0	0.0	0.000000000000000000	0	5
RIVER	LOW	LOW	1.000000000000000000	0.000000000000000000	0.000000000000000000	0.000000000000000000	0	0	0.0	0.000000000000000000	0	2
RIVER	LOW	LOW	1.000000000000000000	0.000000000000000000	0.000000000000000000	0.000000000000000000	0	0	0.0	0.000000000000000000	0	2
RIVER	LOW	LOW	1.000000000000000000	0.000000000000000000	0.000000000000000000	0.000000000000000000	0	0	0.0	0.000000000000000000	0	2
RIVER	LOW	LOW	1.000000000000000000	0.000000000000000000	0.000000000000000000	0.000000000000000000	0	0	0.0	0.000000000000000000	0	2
RIVER	LOW	LOW	1.000000000000000000	0.000000000000000000	0.000000000000000000	0.000000000000000000	0	0	0.0	0.000000000000000000	0	2
RIVER	LOW	LOW	1.000000000000000000	0.000000000000000000	0.000000000000000000	0.000000000000000000	0	0	0.0	0.000000000000000000	0	2
RIVER	LOW	LOW	1.000000000000000000	0.000000000000000000	0.000000000000000000	0.000000000000000000	0	0	0.0	0.000000000000000000	0	2
RIVER	LOW	LOW	1.000000000000000000	0.000000000000000000	0.000000000000000000	0.000000000000000000	0	0	0.0	0.000000000000000000	0	2
RIVER	LOW	LOW	1.000000000000000000	0.000000000000000000	0.000000000000000000	0.000000000000000000	0	0	0.0	0.000000000000000000	0	2
RIVER	LOW	LOW	1.000000000000000000	0.000000000000000000	0.000000000000000000	0.000000000000000000	0	0	0.0	0.000000000000000000	0	2
RIVER	LOW	LOW	0.666666686534881590	0.333333343267440800	0.000000000000000000	0.000000000000000000	0	0	0.0	0.000000000000000000	0	5
RIVER	LOW	LOW	1.000000000000000000	0.000000000000000000	0.000000000000000000	0.000000000000000000	0	0	0.0	0.000000000000000000	0	2
RIVER	LOW	LOW	1.000000000000000000	0.000000000000000000	0.000000000000000000	0.000000000000000000	0	0	0.0	0.000000000000000000	0	2
RIVER	LOW	LOW	1.000000000000000000	0.000000000000000000	0.000000000000000000	0.000000000000000000	0	0	0.0	0.000000000000000000	0	2
RIVER	LOW	LOW	1.000000000000000000	0.000000000000000000	0.000000000000000000	0.000000000000000000	0	0	0.0	0.000000000000000000	0	2
RIVER	LOW	LOW	1.000000000000000000	0.000000000000000000	0.000000000000000000	0.000000000000000000	0	0	0.0	0.000000000000000000	0	2
RIVER	LOW	LOW	1.000000000000000000	0.000000000000000000	0.000000000000000000	0.000000000000000000	0	0	0.0	0.000000000000000000	0	2
RIVER	LOW	LOW	1.000000000000000000	0.000000000000000000	0.000000000000000000	0.000000000000000000	0	0	0.0	0.000000000000000000	0	2
RIVER	LOW	LOW	1.000000000000000000	0.000000000000000000	0.000000000000000000	0.000000000000000000	0	0	0.0	0.000000000000000000	0	2
RIVER	LOW	LOW	1.000000000000000000	0.000000000000000000	0.000000000000000000	0.000000000000000000	0	0	0.0	0.000000000000000000	0	2
RIVER	LOW	LOW	1.000000000000000000	0.000000000000000000	0.000000000000000000	0.000000000000000000	0	0	0.0	0.000000000000000000	0	2
RIVER	LOW	LOW	1.000000000000000000	0.000000000000000000	0.000000000000000000	0.000000000000000000	0	0	0.0	0.000000000000000000	0	2
RIVER	LOW	LOW	1.000000000000000000	0.000000000000000000	0.000000000000000000	0.000000000000000000	0	0	0.0	0.000000000000000000	0	2
RIVER	LOW	LOW	1.000000000000000000	0.000000000000000000	0.000000000000000000	0.000000000000000000	0	0	0.0	0.000000000000000000	0	2
RIVER	LOW	LOW	1.000000000000000000	0.000000000000000000	0.000000000000000000	0.000000000000000000	0	0	0.0	0.000000000000000000	0	2
RIVER	LOW	LOW	0.500000000000000000	0.500000000000000000	0.000000000000000000	0.000000000000000000	0	0	0.0	0.000000000000000000	0	5
