Phase	Pot%	Stack%	Check%	Bet%	Call%	Raise%	AvgBetAmt	AvgBetStdDev	AllIn%	Fold%	AvgFoldAmt	cluster
PREFLOP FLOP TURN RIVER	LOW MEDIUM	LOW HIGH MEDIUM	continuous	continuous	continuous	continuous	continuous	continuous	continuous	continuous	continuous	1 2 3
												class
RIVER	LOW	MEDIUM	1.000000000000000000	0.000000000000000000	0.000000000000000000	0.000000000000000000	0	0	0.0	0.000000000000000000	0	2
RIVER	LOW	MEDIUM	1.000000000000000000	0.000000000000000000	0.000000000000000000	0.000000000000000000	0	0	0.0	0.000000000000000000	0	2
RIVER	LOW	MEDIUM	1.000000000000000000	0.000000000000000000	0.000000000000000000	0.000000000000000000	0	0	0.0	0.000000000000000000	0	2
RIVER	LOW	MEDIUM	1.000000000000000000	0.000000000000000000	0.000000000000000000	0.000000000000000000	0	0	0.0	0.000000000000000000	0	2
RIVER	LOW	MEDIUM	1.000000000000000000	0.000000000000000000	0.000000000000000000	0.000000000000000000	0	0	0.0	0.000000000000000000	0	2
RIVER	LOW	MEDIUM	1.000000000000000000	0.000000000000000000	0.000000000000000000	0.000000000000000000	0	0	0.0	0.000000000000000000	0	2
RIVER	LOW	MEDIUM	1.000000000000000000	0.000000000000000000	0.000000000000000000	0.000000000000000000	0	0	0.0	0.000000000000000000	0	2
RIVER	LOW	MEDIUM	1.000000000000000000	0.000000000000000000	0.000000000000000000	0.000000000000000000	0	0	0.0	0.000000000000000000	0	2
RIVER	LOW	MEDIUM	1.000000000000000000	0.000000000000000000	0.000000000000000000	0.000000000000000000	0	0	0.0	0.000000000000000000	0	2
RIVER	LOW	MEDIUM	1.000000000000000000	0.000000000000000000	0.000000000000000000	0.000000000000000000	0	0	0.0	0.000000000000000000	0	2
RIVER	LOW	MEDIUM	1.000000000000000000	0.000000000000000000	0.000000000000000000	0.000000000000000000	0	0	0.0	0.000000000000000000	0	2
RIVER	LOW	MEDIUM	1.000000000000000000	0.000000000000000000	0.000000000000000000	0.000000000000000000	0	0	0.0	0.000000000000000000	0	2
RIVER	LOW	MEDIUM	1.000000000000000000	0.000000000000000000	0.000000000000000000	0.000000000000000000	0	0	0.0	0.000000000000000000	0	2
RIVER	LOW	MEDIUM	1.000000000000000000	0.000000000000000000	0.000000000000000000	0.000000000000000000	0	0	0.0	0.000000000000000000	0	2
RIVER	LOW	MEDIUM	1.000000000000000000	0.000000000000000000	0.000000000000000000	0.000000000000000000	0	0	0.0	0.000000000000000000	0	2
RIVER	LOW	MEDIUM	1.000000000000000000	0.000000000000000000	0.000000000000000000	0.000000000000000000	0	0	0.0	0.000000000000000000	0	2
RIVER	LOW	MEDIUM	1.000000000000000000	0.000000000000000000	0.000000000000000000	0.000000000000000000	0	0	0.0	0.000000000000000000	0	2
RIVER	LOW	MEDIUM	1.000000000000000000	0.000000000000000000	0.000000000000000000	0.000000000000000000	0	0	0.0	0.000000000000000000	0	2
RIVER	LOW	MEDIUM	1.000000000000000000	0.000000000000000000	0.000000000000000000	0.000000000000000000	0	0	0.0	0.000000000000000000	0	2
RIVER	LOW	MEDIUM	1.000000000000000000	0.000000000000000000	0.000000000000000000	0.000000000000000000	0	0	0.0	0.000000000000000000	0	2
RIVER	LOW	MEDIUM	1.000000000000000000	0.000000000000000000	0.000000000000000000	0.000000000000000000	0	0	0.0	0.000000000000000000	0	2
RIVER	LOW	MEDIUM	1.000000000000000000	0.000000000000000000	0.000000000000000000	0.000000000000000000	0	0	0.0	0.000000000000000000	0	2
RIVER	LOW	MEDIUM	1.000000000000000000	0.000000000000000000	0.000000000000000000	0.000000000000000000	0	0	0.0	0.000000000000000000	0	2
RIVER	LOW	MEDIUM	1.000000000000000000	0.000000000000000000	0.000000000000000000	0.000000000000000000	0	0	0.0	0.000000000000000000	0	2
RIVER	LOW	MEDIUM	1.000000000000000000	0.000000000000000000	0.000000000000000000	0.000000000000000000	0	0	0.0	0.000000000000000000	0	2
RIVER	LOW	MEDIUM	1.000000000000000000	0.000000000000000000	0.000000000000000000	0.000000000000000000	0	0	0.0	0.000000000000000000	0	2
RIVER	LOW	MEDIUM	1.000000000000000000	0.000000000000000000	0.000000000000000000	0.000000000000000000	0	0	0.0	0.000000000000000000	0	2
RIVER	LOW	MEDIUM	1.000000000000000000	0.000000000000000000	0.000000000000000000	0.000000000000000000	0	0	0.0	0.000000000000000000	0	2
RIVER	LOW	MEDIUM	1.000000000000000000	0.000000000000000000	0.000000000000000000	0.000000000000000000	0	0	0.0	0.000000000000000000	0	2
RIVER	LOW	MEDIUM	1.000000000000000000	0.000000000000000000	0.000000000000000000	0.000000000000000000	0	0	0.0	0.000000000000000000	0	2
RIVER	LOW	MEDIUM	0.500000000000000000	0.500000000000000000	0.000000000000000000	0.000000000000000000	0	0	0.0	0.000000000000000000	0	1
RIVER	LOW	MEDIUM	1.000000000000000000	0.000000000000000000	0.000000000000000000	0.000000000000000000	0	0	0.0	0.000000000000000000	0	2
RIVER	LOW	MEDIUM	1.000000000000000000	0.000000000000000000	0.000000000000000000	0.000000000000000000	0	0	0.0	0.000000000000000000	0	2
RIVER	LOW	MEDIUM	1.000000000000000000	0.000000000000000000	0.000000000000000000	0.000000000000000000	0	0	0.0	0.000000000000000000	0	2
RIVER	LOW	MEDIUM	1.000000000000000000	0.000000000000000000	0.000000000000000000	0.000000000000000000	0	0	0.0	0.000000000000000000	0	2
RIVER	LOW	MEDIUM	1.000000000000000000	0.000000000000000000	0.000000000000000000	0.000000000000000000	0	0	0.0	0.000000000000000000	0	2
RIVER	LOW	MEDIUM	1.000000000000000000	0.000000000000000000	0.000000000000000000	0.000000000000000000	0	0	0.0	0.000000000000000000	0	2
RIVER	LOW	MEDIUM	1.000000000000000000	0.000000000000000000	0.000000000000000000	0.000000000000000000	0	0	0.0	0.000000000000000000	0	2
RIVER	LOW	MEDIUM	1.000000000000000000	0.000000000000000000	0.000000000000000000	0.000000000000000000	0	0	0.0	0.000000000000000000	0	2
RIVER	LOW	MEDIUM	1.000000000000000000	0.000000000000000000	0.000000000000000000	0.000000000000000000	0	0	0.0	0.000000000000000000	0	2
RIVER	LOW	MEDIUM	1.000000000000000000	0.000000000000000000	0.000000000000000000	0.000000000000000000	0	0	0.0	0.000000000000000000	0	2
RIVER	LOW	MEDIUM	1.000000000000000000	0.000000000000000000	0.000000000000000000	0.000000000000000000	0	0	0.0	0.000000000000000000	0	2
RIVER	LOW	MEDIUM	1.000000000000000000	0.000000000000000000	0.000000000000000000	0.000000000000000000	0	0	0.0	0.000000000000000000	0	2
RIVER	LOW	MEDIUM	1.000000000000000000	0.000000000000000000	0.000000000000000000	0.000000000000000000	0	0	0.0	0.000000000000000000	0	2
RIVER	LOW	MEDIUM	1.000000000000000000	0.000000000000000000	0.000000000000000000	0.000000000000000000	0	0	0.0	0.000000000000000000	0	2
RIVER	LOW	MEDIUM	1.000000000000000000	0.000000000000000000	0.000000000000000000	0.000000000000000000	0	0	0.0	0.000000000000000000	0	2
RIVER	LOW	MEDIUM	1.000000000000000000	0.000000000000000000	0.000000000000000000	0.000000000000000000	0	0	0.0	0.000000000000000000	0	2
RIVER	LOW	MEDIUM	1.000000000000000000	0.000000000000000000	0.000000000000000000	0.000000000000000000	0	0	0.0	0.000000000000000000	0	2
RIVER	LOW	MEDIUM	1.000000000000000000	0.000000000000000000	0.000000000000000000	0.000000000000000000	0	0	0.0	0.000000000000000000	0	2
RIVER	LOW	MEDIUM	1.000000000000000000	0.000000000000000000	0.000000000000000000	0.000000000000000000	0	0	0.0	0.000000000000000000	0	2
RIVER	LOW	MEDIUM	1.000000000000000000	0.000000000000000000	0.000000000000000000	0.000000000000000000	0	0	0.0	0.000000000000000000	0	2
RIVER	LOW	MEDIUM	1.000000000000000000	0.000000000000000000	0.000000000000000000	0.000000000000000000	0	0	0.0	0.000000000000000000	0	2
RIVER	LOW	MEDIUM	1.000000000000000000	0.000000000000000000	0.000000000000000000	0.000000000000000000	0	0	0.0	0.000000000000000000	0	2
RIVER	LOW	MEDIUM	1.000000000000000000	0.000000000000000000	0.000000000000000000	0.000000000000000000	0	0	0.0	0.000000000000000000	0	2
RIVER	LOW	MEDIUM	1.000000000000000000	0.000000000000000000	0.000000000000000000	0.000000000000000000	0	0	0.0	0.000000000000000000	0	2
RIVER	LOW	MEDIUM	1.000000000000000000	0.000000000000000000	0.000000000000000000	0.000000000000000000	0	0	0.0	0.000000000000000000	0	2
RIVER	LOW	MEDIUM	1.000000000000000000	0.000000000000000000	0.000000000000000000	0.000000000000000000	0	0	0.0	0.000000000000000000	0	2
RIVER	LOW	MEDIUM	1.000000000000000000	0.000000000000000000	0.000000000000000000	0.000000000000000000	0	0	0.0	0.000000000000000000	0	2
RIVER	LOW	MEDIUM	1.000000000000000000	0.000000000000000000	0.000000000000000000	0.000000000000000000	0	0	0.0	0.000000000000000000	0	2
RIVER	LOW	MEDIUM	1.000000000000000000	0.000000000000000000	0.000000000000000000	0.000000000000000000	0	0	0.0	0.000000000000000000	0	2
RIVER	LOW	MEDIUM	1.000000000000000000	0.000000000000000000	0.000000000000000000	0.000000000000000000	0	0	0.0	0.000000000000000000	0	2
