Phase	Pot%	Stack%	Check%	Bet%	Call%	Raise%	AvgBetAmt	AvgBetStdDev	AllIn%	Fold%	AvgFoldAmt	cluster
PREFLOP FLOP TURN RIVER	LOW MEDIUM	LOW HIGH MEDIUM	continuous	continuous	continuous	continuous	continuous	continuous	continuous	continuous	continuous	1 2 3 4 5
												class
TURN	LOW	LOW	1.000000000000000000	0.000000000000000000	0.000000000000000000	0.000000000000000000	0	0	0.0	0.000000000000000000	0	2
TURN	LOW	LOW	0.888888895511627200	0.000000000000000000	0.111111111938953400	0.000000000000000000	0.000720981	0	0.0	0.000000000000000000	0	2
TURN	LOW	LOW	1.000000000000000000	0.000000000000000000	0.000000000000000000	0.000000000000000000	0	0	0.0	0.000000000000000000	0	2
TURN	LOW	LOW	1.000000000000000000	0.000000000000000000	0.000000000000000000	0.000000000000000000	0	0	0.0	0.000000000000000000	0	2
TURN	LOW	LOW	0.666666686534881590	0.133333340287208560	0.133333340287208560	0.000000000000000000	0.0493408	0.044486	0.0	0.066666670143604279	0.00630372	2
TURN	LOW	LOW	0.833333313465118410	0.000000000000000000	0.000000000000000000	0.000000000000000000	0	0	0.0	0.166666671633720400	0.00765027	2
TURN	LOW	LOW	0.857142865657806400	0.142857149243354800	0.000000000000000000	0.000000000000000000	0.00107488	0	0.0	0.000000000000000000	0	2
TURN	LOW	LOW	1.000000000000000000	0.000000000000000000	0.000000000000000000	0.000000000000000000	0	0	0.0	0.000000000000000000	0	2
TURN	LOW	LOW	0.000000000000000000	1.000000000000000000	0.000000000000000000	0.000000000000000000	0.0143369	0	0.0	0.000000000000000000	0	4
TURN	LOW	LOW	0.750000000000000000	0.250000000000000000	0.000000000000000000	0.000000000000000000	0.00738217	0	0.0	0.000000000000000000	0	2
TURN	LOW	LOW	1.000000000000000000	0.000000000000000000	0.000000000000000000	0.000000000000000000	0	0	0.0	0.000000000000000000	0	2
TURN	LOW	LOW	0.333333343267440800	0.000000000000000000	0.666666686534881590	0.000000000000000000	0.0135194	0.00299306	0.0	0.000000000000000000	0	5
TURN	LOW	LOW	1.000000000000000000	0.000000000000000000	0.000000000000000000	0.000000000000000000	0	0	0.0	0.000000000000000000	0	2
TURN	LOW	LOW	1.000000000000000000	0.000000000000000000	0.000000000000000000	0.000000000000000000	0	0	0.0	0.000000000000000000	0	2
TURN	LOW	LOW	1.000000000000000000	0.000000000000000000	0.000000000000000000	0.000000000000000000	0	0	0.0	0.000000000000000000	0	2
TURN	LOW	LOW	1.000000000000000000	0.000000000000000000	0.000000000000000000	0.000000000000000000	0	0	0.0	0.000000000000000000	0	2
TURN	LOW	LOW	1.000000000000000000	0.000000000000000000	0.000000000000000000	0.000000000000000000	0	0	0.0	0.000000000000000000	0	2
TURN	LOW	LOW	1.000000000000000000	0.000000000000000000	0.000000000000000000	0.000000000000000000	0	0	0.0	0.000000000000000000	0	2
TURN	LOW	LOW	0.666666686534881590	0.333333343267440800	0.000000000000000000	0.000000000000000000	0.132446	0	0.0	0.000000000000000000	0	4
TURN	LOW	LOW	1.000000000000000000	0.000000000000000000	0.000000000000000000	0.000000000000000000	0	0	0.0	0.000000000000000000	0	2
TURN	LOW	LOW	1.000000000000000000	0.000000000000000000	0.000000000000000000	0.000000000000000000	0	0	0.0	0.000000000000000000	0	2
TURN	LOW	LOW	0.571428596973419190	0.000000000000000000	0.428571432828903200	0.000000000000000000	0.0153705	0.0145227	0.0	0.000000000000000000	0	5
TURN	LOW	LOW	1.000000000000000000	0.000000000000000000	0.000000000000000000	0.000000000000000000	0	0	0.0	0.000000000000000000	0	2
TURN	LOW	LOW	1.000000000000000000	0.000000000000000000	0.000000000000000000	0.000000000000000000	0	0	0.0	0.000000000000000000	0	2
TURN	LOW	LOW	1.000000000000000000	0.000000000000000000	0.000000000000000000	0.000000000000000000	0	0	0.0	0.000000000000000000	0	2
TURN	LOW	LOW	1.000000000000000000	0.000000000000000000	0.000000000000000000	0.000000000000000000	0	0	0.0	0.000000000000000000	0	2
TURN	LOW	LOW	1.000000000000000000	0.000000000000000000	0.000000000000000000	0.000000000000000000	0	0	0.0	0.000000000000000000	0	2
TURN	LOW	LOW	1.000000000000000000	0.000000000000000000	0.000000000000000000	0.000000000000000000	0	0	0.0	0.000000000000000000	0	2
TURN	LOW	LOW	1.000000000000000000	0.000000000000000000	0.000000000000000000	0.000000000000000000	0	0	0.0	0.000000000000000000	0	2
TURN	LOW	LOW	1.000000000000000000	0.000000000000000000	0.000000000000000000	0.000000000000000000	0	0	0.0	0.000000000000000000	0	2
TURN	LOW	LOW	1.000000000000000000	0.000000000000000000	0.000000000000000000	0.000000000000000000	0	0	0.0	0.000000000000000000	0	2
TURN	LOW	LOW	1.000000000000000000	0.000000000000000000	0.000000000000000000	0.000000000000000000	0	0	0.0	0.000000000000000000	0	2
TURN	LOW	LOW	0.500000000000000000	0.000000000000000000	0.000000000000000000	0.000000000000000000	0	0	0.0	0.500000000000000000	0.00481928	1
TURN	LOW	LOW	1.000000000000000000	0.000000000000000000	0.000000000000000000	0.000000000000000000	0	0	0.0	0.000000000000000000	0	2
TURN	LOW	LOW	1.000000000000000000	0.000000000000000000	0.000000000000000000	0.000000000000000000	0	0	0.0	0.000000000000000000	0	2
TURN	LOW	LOW	1.000000000000000000	0.000000000000000000	0.000000000000000000	0.000000000000000000	0	0	0.0	0.000000000000000000	0	2
TURN	LOW	LOW	0.750000000000000000	0.000000000000000000	0.250000000000000000	0.000000000000000000	0.0128811	0	0.0	0.000000000000000000	0	2
TURN	LOW	LOW	0.666666686534881590	0.000000000000000000	0.333333343267440800	0.000000000000000000	0.00107836	0	0.0	0.000000000000000000	0	2
TURN	LOW	LOW	0.800000011920928960	0.000000000000000000	0.200000002980232240	0.000000000000000000	0.00107604	0	0.0	0.000000000000000000	0	2
TURN	LOW	LOW	1.000000000000000000	0.000000000000000000	0.000000000000000000	0.000000000000000000	0	0	0.0	0.000000000000000000	0	2
TURN	LOW	LOW	0.750000000000000000	0.000000000000000000	0.000000000000000000	0.000000000000000000	0	0	0.0	0.250000000000000000	0.0132217	2
TURN	LOW	LOW	1.000000000000000000	0.000000000000000000	0.000000000000000000	0.000000000000000000	0	0	0.0	0.000000000000000000	0	2
TURN	LOW	LOW	1.000000000000000000	0.000000000000000000	0.000000000000000000	0.000000000000000000	0	0	0.0	0.000000000000000000	0	2
TURN	LOW	LOW	0.692307710647583010	0.076923079788684845	0.153846159577369690	0.000000000000000000	0.0109014	0.00476802	0.0	0.076923079788684845	0.00481928	2
TURN	LOW	LOW	1.000000000000000000	0.000000000000000000	0.000000000000000000	0.000000000000000000	0	0	0.0	0.000000000000000000	0	2
TURN	LOW	LOW	0.666666686534881590	0.333333343267440800	0.000000000000000000	0.000000000000000000	0.0127173	0	0.0	0.000000000000000000	0	2
TURN	LOW	LOW	1.000000000000000000	0.000000000000000000	0.000000000000000000	0.000000000000000000	0	0	0.0	0.000000000000000000	0	2
TURN	LOW	LOW	1.000000000000000000	0.000000000000000000	0.000000000000000000	0.000000000000000000	0	0	0.0	0.000000000000000000	0	2
TURN	LOW	LOW	0.666666686534881590	0.333333343267440800	0.000000000000000000	0.000000000000000000	0.100465	0	0.0	0.000000000000000000	0	4
TURN	LOW	LOW	1.000000000000000000	0.000000000000000000	0.000000000000000000	0.000000000000000000	0	0	0.0	0.000000000000000000	0	2
TURN	LOW	LOW	0.500000000000000000	0.000000000000000000	0.500000000000000000	0.000000000000000000	0.0104167	0	0.0	0.000000000000000000	0	5
TURN	LOW	LOW	1.000000000000000000	0.000000000000000000	0.000000000000000000	0.000000000000000000	0	0	0.0	0.000000000000000000	0	2
TURN	LOW	LOW	1.000000000000000000	0.000000000000000000	0.000000000000000000	0.000000000000000000	0	0	0.0	0.000000000000000000	0	2
TURN	LOW	LOW	0.750000000000000000	0.000000000000000000	0.250000000000000000	0.000000000000000000	0.00390625	0	0.0	0.000000000000000000	0	2
TURN	LOW	LOW	1.000000000000000000	0.000000000000000000	0.000000000000000000	0.000000000000000000	0	0	0.0	0.000000000000000000	0	2
TURN	LOW	LOW	0.916666686534881590	0.000000000000000000	0.083333335816860199	0.000000000000000000	0.037037	0	0.0	0.000000000000000000	0	2
TURN	LOW	LOW	1.000000000000000000	0.000000000000000000	0.000000000000000000	0.000000000000000000	0	0	0.0	0.000000000000000000	0	2
TURN	LOW	LOW	1.000000000000000000	0.000000000000000000	0.000000000000000000	0.000000000000000000	0	0	0.0	0.000000000000000000	0	2
TURN	LOW	LOW	1.000000000000000000	0.000000000000000000	0.000000000000000000	0.000000000000000000	0	0	0.0	0.000000000000000000	0	2
TURN	LOW	LOW	1.000000000000000000	0.000000000000000000	0.000000000000000000	0.000000000000000000	0	0	0.0	0.000000000000000000	0	2
TURN	LOW	LOW	0.833333313465118410	0.000000000000000000	0.000000000000000000	0.000000000000000000	0	0	0.0	0.166666671633720400	0.00276498	2
TURN	LOW	LOW	0.500000000000000000	0.250000000000000000	0.500000000000000000	0.000000000000000000	0.0123991	0.00510407	0.0	0.000000000000000000	0	5
TURN	LOW	LOW	1.000000000000000000	0.000000000000000000	0.000000000000000000	0.000000000000000000	0	0	0.0	0.000000000000000000	0	2
TURN	LOW	LOW	0.000000000000000000	0.000000000000000000	0.000000000000000000	0.000000000000000000	0	0	0.0	1.000000000000000000	0.00392157	1
TURN	LOW	LOW	1.000000000000000000	0.000000000000000000	0.000000000000000000	0.000000000000000000	0	0	0.0	0.000000000000000000	0	2
TURN	LOW	LOW	1.000000000000000000	0.000000000000000000	0.000000000000000000	0.000000000000000000	0	0	0.0	0.000000000000000000	0	2
TURN	LOW	LOW	0.250000000000000000	0.500000000000000000	0.250000000000000000	0.000000000000000000	0.0136042	0.0144697	0.0	0.000000000000000000	0	4
TURN	LOW	LOW	1.000000000000000000	0.000000000000000000	0.000000000000000000	0.000000000000000000	0	0	0.0	0.000000000000000000	0	2
TURN	LOW	LOW	1.000000000000000000	0.000000000000000000	0.000000000000000000	0.000000000000000000	0	0	0.0	0.000000000000000000	0	2
TURN	LOW	LOW	0.875000000000000000	0.000000000000000000	0.125000000000000000	0.000000000000000000	0.0443944	0	0.0	0.000000000000000000	0	2
TURN	LOW	LOW	0.000000000000000000	0.000000000000000000	1.000000000000000000	0.000000000000000000	0.00754936	0	0.0	0.000000000000000000	0	5
TURN	LOW	LOW	1.000000000000000000	0.000000000000000000	0.000000000000000000	0.000000000000000000	0	0	0.0	0.000000000000000000	0	2
TURN	LOW	LOW	0.000000000000000000	0.000000000000000000	1.000000000000000000	0.000000000000000000	0.0197842	0	0.0	0.000000000000000000	0	5
TURN	LOW	LOW	1.000000000000000000	0.000000000000000000	0.000000000000000000	0.000000000000000000	0	0	0.0	0.000000000000000000	0	2
TURN	LOW	LOW	0.333333343267440800	0.000000000000000000	0.666666686534881590	0.000000000000000000	0.0100676	0.00617658	0.0	0.000000000000000000	0	5
TURN	LOW	LOW	0.000000000000000000	0.000000000000000000	0.000000000000000000	0.000000000000000000	0	0	0.0	1.000000000000000000	0.00481928	1
TURN	LOW	LOW	1.000000000000000000	0.000000000000000000	0.000000000000000000	0.000000000000000000	0	0	0.0	0.000000000000000000	0	2
TURN	LOW	LOW	1.000000000000000000	0.000000000000000000	0.000000000000000000	0.000000000000000000	0	0	0.0	0.000000000000000000	0	2
TURN	LOW	LOW	0.500000000000000000	0.000000000000000000	0.500000000000000000	0.000000000000000000	0.00833333	0	0.0	0.000000000000000000	0	5
TURN	LOW	LOW	1.000000000000000000	0.000000000000000000	0.000000000000000000	0.000000000000000000	0	0	0.0	0.000000000000000000	0	2
TURN	LOW	LOW	1.000000000000000000	0.000000000000000000	0.000000000000000000	0.000000000000000000	0	0	0.0	0.000000000000000000	0	2
TURN	LOW	LOW	1.000000000000000000	0.000000000000000000	0.000000000000000000	0.000000000000000000	0	0	0.0	0.000000000000000000	0	2
TURN	LOW	LOW	0.769230782985687260	0.153846159577369690	0.076923079788684845	0.000000000000000000	0.035795	0.0363691	0.0	0.000000000000000000	0	2
TURN	LOW	LOW	1.000000000000000000	0.000000000000000000	0.000000000000000000	0.000000000000000000	0	0	0.0	0.000000000000000000	0	2
TURN	LOW	LOW	0.500000000000000000	0.000000000000000000	0.500000000000000000	0.000000000000000000	0.00481928	0	0.0	0.000000000000000000	0	5
TURN	LOW	LOW	0.500000000000000000	0.250000000000000000	0.250000000000000000	0.000000000000000000	0.0843751	0.0713259	0.0	0.000000000000000000	0	5
TURN	LOW	LOW	1.000000000000000000	0.000000000000000000	0.000000000000000000	0.000000000000000000	0	0	0.0	0.000000000000000000	0	2
TURN	LOW	LOW	0.000000000000000000	1.000000000000000000	0.000000000000000000	0.000000000000000000	0.00618673	0	0.0	0.000000000000000000	0	4
TURN	LOW	LOW	0.666666686534881590	0.333333343267440800	0.000000000000000000	0.000000000000000000	0.134724	0	0.0	0.000000000000000000	0	4
TURN	LOW	LOW	1.000000000000000000	0.000000000000000000	0.000000000000000000	0.000000000000000000	0	0	0.0	0.000000000000000000	0	2
TURN	LOW	LOW	1.000000000000000000	0.000000000000000000	0.000000000000000000	0.000000000000000000	0	0	0.0	0.000000000000000000	0	2
TURN	LOW	LOW	1.000000000000000000	0.000000000000000000	0.000000000000000000	0.000000000000000000	0	0	0.0	0.000000000000000000	0	2
TURN	LOW	LOW	1.000000000000000000	0.000000000000000000	0.000000000000000000	0.000000000000000000	0	0	0.0	0.000000000000000000	0	2
TURN	LOW	LOW	0.875000000000000000	0.000000000000000000	0.125000000000000000	0.000000000000000000	0.00479616	0	0.0	0.000000000000000000	0	2
TURN	LOW	LOW	0.000000000000000000	0.000000000000000000	0.000000000000000000	0.000000000000000000	0	0	0.0	1.000000000000000000	0.0257426	1
TURN	LOW	LOW	0.000000000000000000	0.000000000000000000	0.000000000000000000	1.000000000000000000	0.0188008	0	0.0	0.000000000000000000	0	3
TURN	LOW	LOW	0.000000000000000000	1.000000000000000000	0.000000000000000000	0.000000000000000000	0.0157331	0	0.0	0.000000000000000000	0	4
TURN	LOW	LOW	1.000000000000000000	0.000000000000000000	0.000000000000000000	0.000000000000000000	0	0	0.0	0.000000000000000000	0	2
TURN	LOW	LOW	1.000000000000000000	0.000000000000000000	0.000000000000000000	0.000000000000000000	0	0	0.0	0.000000000000000000	0	2
TURN	LOW	LOW	0.750000000000000000	0.000000000000000000	0.000000000000000000	0.000000000000000000	0	0	0.0	0.250000000000000000	0.010461	2
TURN	LOW	LOW	1.000000000000000000	0.000000000000000000	0.000000000000000000	0.000000000000000000	0	0	0.0	0.000000000000000000	0	2
TURN	LOW	LOW	1.000000000000000000	0.000000000000000000	0.000000000000000000	0.000000000000000000	0	0	0.0	0.000000000000000000	0	2
TURN	LOW	LOW	1.000000000000000000	0.000000000000000000	0.000000000000000000	0.000000000000000000	0	0	0.0	0.000000000000000000	0	2
TURN	LOW	LOW	1.000000000000000000	0.000000000000000000	0.000000000000000000	0.000000000000000000	0	0	0.0	0.000000000000000000	0	2
TURN	LOW	LOW	1.000000000000000000	0.000000000000000000	0.000000000000000000	0.000000000000000000	0	0	0.0	0.000000000000000000	0	2
TURN	LOW	LOW	0.000000000000000000	0.000000000000000000	1.000000000000000000	0.000000000000000000	0.0103093	0	0.0	0.000000000000000000	0	5
TURN	LOW	LOW	1.000000000000000000	0.000000000000000000	0.000000000000000000	0.000000000000000000	0	0	0.0	0.000000000000000000	0	2
TURN	LOW	LOW	0.000000000000000000	1.000000000000000000	0.000000000000000000	0.000000000000000000	0.00974625	0	0.0	0.000000000000000000	0	4
TURN	LOW	LOW	1.000000000000000000	0.000000000000000000	0.000000000000000000	0.000000000000000000	0	0	0.0	0.000000000000000000	0	2
TURN	LOW	LOW	1.000000000000000000	0.000000000000000000	0.000000000000000000	0.000000000000000000	0	0	0.0	0.000000000000000000	0	2
TURN	LOW	LOW	1.000000000000000000	0.000000000000000000	0.000000000000000000	0.000000000000000000	0	0	0.0	0.000000000000000000	0	2
TURN	LOW	LOW	1.000000000000000000	0.000000000000000000	0.000000000000000000	0.000000000000000000	0	0	0.0	0.000000000000000000	0	2
TURN	LOW	LOW	0.666666686534881590	0.000000000000000000	0.333333343267440800	0.000000000000000000	0.0184539	0	0.0	0.000000000000000000	0	2
TURN	LOW	LOW	0.500000000000000000	0.500000000000000000	0.000000000000000000	0.000000000000000000	0	0	0.0	0.000000000000000000	0	4
TURN	LOW	LOW	0.500000000000000000	0.500000000000000000	0.000000000000000000	0.000000000000000000	0.00475059	0	0.0	0.000000000000000000	0	4
TURN	LOW	LOW	1.000000000000000000	0.000000000000000000	0.000000000000000000	0.000000000000000000	0	0	0.0	0.000000000000000000	0	2
TURN	LOW	LOW	1.000000000000000000	0.000000000000000000	0.000000000000000000	0.000000000000000000	0	0	0.0	0.000000000000000000	0	2
TURN	LOW	LOW	0.500000000000000000	0.166666671633720400	0.333333343267440800	0.000000000000000000	0.0163606	0.0184934	0.0	0.000000000000000000	0	5
TURN	LOW	LOW	0.800000011920928960	0.200000002980232240	0.000000000000000000	0.000000000000000000	0.0102041	0	0.0	0.000000000000000000	0	2
TURN	LOW	LOW	0.000000000000000000	0.000000000000000000	1.000000000000000000	0.000000000000000000	0.00382409	0	0.0	0.000000000000000000	0	5
TURN	LOW	LOW	1.000000000000000000	0.000000000000000000	0.000000000000000000	0.000000000000000000	0	0	0.0	0.000000000000000000	0	2
TURN	LOW	LOW	1.000000000000000000	0.000000000000000000	0.000000000000000000	0.000000000000000000	0	0	0.0	0.000000000000000000	0	2
TURN	LOW	LOW	1.000000000000000000	0.000000000000000000	0.000000000000000000	0.000000000000000000	0	0	0.0	0.000000000000000000	0	2
TURN	LOW	LOW	1.000000000000000000	0.000000000000000000	0.000000000000000000	0.000000000000000000	0	0	0.0	0.000000000000000000	0	2
TURN	LOW	LOW	0.000000000000000000	1.000000000000000000	0.000000000000000000	0.000000000000000000	0.0190311	0	0.0	0.000000000000000000	0	4
TURN	LOW	LOW	1.000000000000000000	0.000000000000000000	0.000000000000000000	0.000000000000000000	0	0	0.0	0.000000000000000000	0	2
TURN	LOW	LOW	1.000000000000000000	0.000000000000000000	0.000000000000000000	0.000000000000000000	0	0	0.0	0.000000000000000000	0	2
TURN	LOW	LOW	0.500000000000000000	0.500000000000000000	0.000000000000000000	0.000000000000000000	0.00758188	0	0.0	0.000000000000000000	0	4
TURN	LOW	LOW	1.000000000000000000	0.000000000000000000	0.000000000000000000	0.000000000000000000	0	0	0.0	0.000000000000000000	0	2
TURN	LOW	LOW	1.000000000000000000	0.000000000000000000	0.000000000000000000	0.000000000000000000	0	0	0.0	0.000000000000000000	0	2
TURN	LOW	LOW	1.000000000000000000	0.000000000000000000	0.000000000000000000	0.000000000000000000	0	0	0.0	0.000000000000000000	0	2
TURN	LOW	LOW	1.000000000000000000	0.000000000000000000	0.000000000000000000	0.000000000000000000	0	0	0.0	0.000000000000000000	0	2
TURN	LOW	LOW	1.000000000000000000	0.000000000000000000	0.000000000000000000	0.000000000000000000	0	0	0.0	0.000000000000000000	0	2
TURN	LOW	LOW	1.000000000000000000	0.000000000000000000	0.000000000000000000	0.000000000000000000	0	0	0.0	0.000000000000000000	0	2
TURN	LOW	LOW	0.000000000000000000	0.000000000000000000	1.000000000000000000	0.000000000000000000	0.00769862	0	0.0	0.000000000000000000	0	5
TURN	LOW	LOW	1.000000000000000000	0.000000000000000000	0.000000000000000000	0.000000000000000000	0	0	0.0	0.000000000000000000	0	2
TURN	LOW	LOW	1.000000000000000000	0.000000000000000000	0.000000000000000000	0.000000000000000000	0	0	0.0	0.000000000000000000	0	2
TURN	LOW	LOW	1.000000000000000000	0.000000000000000000	0.000000000000000000	0.000000000000000000	0	0	0.0	0.000000000000000000	0	2
TURN	LOW	LOW	1.000000000000000000	0.000000000000000000	0.000000000000000000	0.000000000000000000	0	0	0.0	0.000000000000000000	0	2
TURN	LOW	LOW	0.000000000000000000	0.666666686534881590	0.000000000000000000	0.000000000000000000	0.010419	0.00662395	0.0	0.333333343267440800	0.00481928	4
TURN	LOW	LOW	1.000000000000000000	0.000000000000000000	0.000000000000000000	0.000000000000000000	0	0	0.0	0.000000000000000000	0	2
TURN	LOW	LOW	1.000000000000000000	0.000000000000000000	0.000000000000000000	0.000000000000000000	0	0	0.0	0.000000000000000000	0	2
TURN	LOW	LOW	1.000000000000000000	0.000000000000000000	0.000000000000000000	0.000000000000000000	0	0	0.0	0.000000000000000000	0	2
TURN	LOW	LOW	1.000000000000000000	0.000000000000000000	0.000000000000000000	0.000000000000000000	0	0	0.0	0.000000000000000000	0	2
TURN	LOW	LOW	1.000000000000000000	0.000000000000000000	0.000000000000000000	0.000000000000000000	0	0	0.0	0.000000000000000000	0	2
TURN	LOW	LOW	1.000000000000000000	0.000000000000000000	0.000000000000000000	0.000000000000000000	0	0	0.0	0.000000000000000000	0	2
TURN	LOW	LOW	1.000000000000000000	0.000000000000000000	0.000000000000000000	0.000000000000000000	0	0	0.0	0.000000000000000000	0	2
TURN	LOW	LOW	1.000000000000000000	0.000000000000000000	0.000000000000000000	0.000000000000000000	0	0	0.0	0.000000000000000000	0	2
TURN	LOW	LOW	1.000000000000000000	0.000000000000000000	0.000000000000000000	0.000000000000000000	0	0	0.0	0.000000000000000000	0	2
TURN	LOW	LOW	1.000000000000000000	0.000000000000000000	0.000000000000000000	0.000000000000000000	0	0	0.0	0.000000000000000000	0	2
TURN	LOW	LOW	0.888888895511627200	0.111111111938953400	0.000000000000000000	0.000000000000000000	0	0	0.0	0.000000000000000000	0	2
TURN	LOW	LOW	1.000000000000000000	0.000000000000000000	0.000000000000000000	0.000000000000000000	0	0	0.0	0.000000000000000000	0	2
TURN	LOW	LOW	0.666666686534881590	0.333333343267440800	0.000000000000000000	0.000000000000000000	0.118729	0	0.0	0.000000000000000000	0	4
TURN	LOW	LOW	0.857142865657806400	0.000000000000000000	0.000000000000000000	0.000000000000000000	0	0	0.0	0.142857149243354800	0.0179613	2
TURN	LOW	LOW	0.500000000000000000	0.500000000000000000	0.000000000000000000	0.000000000000000000	0.00073692	0	0.0	0.000000000000000000	0	4
TURN	LOW	LOW	1.000000000000000000	0.000000000000000000	0.000000000000000000	0.000000000000000000	0	0	0.0	0.000000000000000000	0	2
TURN	LOW	LOW	1.000000000000000000	0.000000000000000000	0.000000000000000000	0.000000000000000000	0	0	0.0	0.000000000000000000	0	2
TURN	LOW	LOW	1.000000000000000000	0.000000000000000000	0.000000000000000000	0.000000000000000000	0	0	0.0	0.000000000000000000	0	2
TURN	LOW	LOW	1.000000000000000000	0.000000000000000000	0.000000000000000000	0.000000000000000000	0	0	0.0	0.000000000000000000	0	2
TURN	LOW	LOW	1.000000000000000000	0.000000000000000000	0.000000000000000000	0.000000000000000000	0	0	0.0	0.000000000000000000	0	2
TURN	LOW	LOW	1.000000000000000000	0.000000000000000000	0.000000000000000000	0.000000000000000000	0	0	0.0	0.000000000000000000	0	2
TURN	LOW	LOW	0.500000000000000000	0.000000000000000000	0.000000000000000000	0.000000000000000000	0	0	0.0	0.500000000000000000	0.00754936	1
TURN	LOW	LOW	1.000000000000000000	0.000000000000000000	0.000000000000000000	0.000000000000000000	0	0	0.0	0.000000000000000000	0	2
TURN	LOW	LOW	0.000000000000000000	0.000000000000000000	1.000000000000000000	0.000000000000000000	0.000719942	0	0.0	0.000000000000000000	0	5
TURN	LOW	LOW	1.000000000000000000	0.000000000000000000	0.000000000000000000	0.000000000000000000	0	0	0.0	0.000000000000000000	0	2
TURN	LOW	LOW	1.000000000000000000	0.000000000000000000	0.000000000000000000	0.000000000000000000	0	0	0.0	0.000000000000000000	0	2
TURN	LOW	LOW	1.000000000000000000	0.000000000000000000	0.000000000000000000	0.000000000000000000	0	0	0.0	0.000000000000000000	0	2
TURN	LOW	LOW	1.000000000000000000	0.000000000000000000	0.000000000000000000	0.000000000000000000	0	0	0.0	0.000000000000000000	0	2
TURN	LOW	LOW	0.000000000000000000	0.000000000000000000	0.500000000000000000	0.000000000000000000	0.00477327	0	0.0	0.500000000000000000	0.0179613	1
TURN	LOW	LOW	1.000000000000000000	0.000000000000000000	0.000000000000000000	0.000000000000000000	0	0	0.0	0.000000000000000000	0	2
TURN	LOW	LOW	0.000000000000000000	1.000000000000000000	0.000000000000000000	0.000000000000000000	0.00293902	0	0.0	0.000000000000000000	0	4
TURN	LOW	LOW	1.000000000000000000	0.000000000000000000	0.000000000000000000	0.000000000000000000	0	0	0.0	0.000000000000000000	0	2
TURN	LOW	LOW	1.000000000000000000	0.000000000000000000	0.000000000000000000	0.000000000000000000	0	0	0.0	0.000000000000000000	0	2
TURN	LOW	LOW	0.666666686534881590	0.166666671633720400	0.166666671633720400	0.000000000000000000	0.00196078	0.00196078	0.0	0.000000000000000000	0	2
TURN	LOW	LOW	1.000000000000000000	0.000000000000000000	0.000000000000000000	0.000000000000000000	0	0	0.0	0.000000000000000000	0	2
TURN	LOW	LOW	0.000000000000000000	0.000000000000000000	1.000000000000000000	0.000000000000000000	0.00759219	0	0.0	0.000000000000000000	0	5
TURN	LOW	LOW	1.000000000000000000	0.000000000000000000	0.000000000000000000	0.000000000000000000	0	0	0.0	0.000000000000000000	0	2
TURN	LOW	LOW	1.000000000000000000	0.000000000000000000	0.000000000000000000	0.000000000000000000	0	0	0.0	0.000000000000000000	0	2
TURN	LOW	LOW	1.000000000000000000	0.000000000000000000	0.000000000000000000	0.000000000000000000	0	0	0.0	0.000000000000000000	0	2
TURN	LOW	LOW	1.000000000000000000	0.000000000000000000	0.000000000000000000	0.000000000000000000	0	0	0.0	0.000000000000000000	0	2
TURN	LOW	LOW	1.000000000000000000	0.000000000000000000	0.000000000000000000	0.000000000000000000	0	0	0.0	0.000000000000000000	0	2
TURN	LOW	LOW	1.000000000000000000	0.000000000000000000	0.000000000000000000	0.000000000000000000	0	0	0.0	0.000000000000000000	0	2
TURN	LOW	LOW	1.000000000000000000	0.000000000000000000	0.000000000000000000	0.000000000000000000	0	0	0.0	0.000000000000000000	0	2
TURN	LOW	LOW	1.000000000000000000	0.000000000000000000	0.000000000000000000	0.000000000000000000	0	0	0.0	0.000000000000000000	0	2
TURN	LOW	LOW	0.500000000000000000	0.500000000000000000	0.000000000000000000	0.000000000000000000	0.00387597	0	0.0	0.000000000000000000	0	4
TURN	LOW	LOW	0.800000011920928960	0.000000000000000000	0.200000002980232240	0.000000000000000000	0.000738007	0	0.0	0.000000000000000000	0	2
TURN	LOW	LOW	1.000000000000000000	0.000000000000000000	0.000000000000000000	0.000000000000000000	0	0	0.0	0.000000000000000000	0	2
TURN	LOW	LOW	0.000000000000000000	1.000000000000000000	0.000000000000000000	0.000000000000000000	0.0029304	0	0.0	0.000000000000000000	0	4
TURN	LOW	LOW	1.000000000000000000	0.000000000000000000	0.000000000000000000	0.000000000000000000	0	0	0.0	0.000000000000000000	0	2
TURN	LOW	LOW	0.000000000000000000	1.000000000000000000	0.000000000000000000	0.000000000000000000	0.104709	0	0.0	0.000000000000000000	0	4
TURN	LOW	LOW	1.000000000000000000	0.000000000000000000	0.000000000000000000	0.000000000000000000	0	0	0.0	0.000000000000000000	0	2
TURN	LOW	LOW	0.500000000000000000	0.000000000000000000	0.500000000000000000	0.000000000000000000	0.0179613	0	0.0	0.000000000000000000	0	5
TURN	LOW	LOW	0.857142865657806400	0.000000000000000000	0.142857149243354800	0.000000000000000000	0.00826446	0	0.0	0.000000000000000000	0	2
TURN	LOW	LOW	0.000000000000000000	0.000000000000000000	1.000000000000000000	0.000000000000000000	0.00274977	0	0.0	0.000000000000000000	0	5
TURN	LOW	LOW	1.000000000000000000	0.000000000000000000	0.000000000000000000	0.000000000000000000	0	0	0.0	0.000000000000000000	0	2
TURN	LOW	LOW	1.000000000000000000	0.000000000000000000	0.000000000000000000	0.000000000000000000	0	0	0.0	0.000000000000000000	0	2
TURN	LOW	LOW	1.000000000000000000	0.000000000000000000	0.000000000000000000	0.000000000000000000	0	0	0.0	0.000000000000000000	0	2
TURN	LOW	LOW	0.699999988079071040	0.100000001490116120	0.100000001490116120	0.000000000000000000	0.00450323	0.001761	0.0	0.100000001490116120	0.00754936	2
TURN	LOW	LOW	1.000000000000000000	0.000000000000000000	0.000000000000000000	0.000000000000000000	0	0	0.0	0.000000000000000000	0	2
TURN	LOW	LOW	0.500000000000000000	0.000000000000000000	0.500000000000000000	0.000000000000000000	0.0365503	0	0.0	0.000000000000000000	0	5
TURN	LOW	LOW	1.000000000000000000	0.000000000000000000	0.000000000000000000	0.000000000000000000	0	0	0.0	0.000000000000000000	0	2
TURN	LOW	LOW	1.000000000000000000	0.000000000000000000	0.000000000000000000	0.000000000000000000	0	0	0.0	0.000000000000000000	0	2
TURN	LOW	LOW	0.666666686534881590	0.000000000000000000	0.333333343267440800	0.000000000000000000	0.000720461	0	0.0	0.000000000000000000	0	2
TURN	LOW	LOW	1.000000000000000000	0.000000000000000000	0.000000000000000000	0.000000000000000000	0	0	0.0	0.000000000000000000	0	2
TURN	LOW	LOW	1.000000000000000000	0.000000000000000000	0.000000000000000000	0.000000000000000000	0	0	0.0	0.000000000000000000	0	2
TURN	LOW	LOW	1.000000000000000000	0.000000000000000000	0.000000000000000000	0.000000000000000000	0	0	0.0	0.000000000000000000	0	2
TURN	LOW	LOW	1.000000000000000000	0.000000000000000000	0.000000000000000000	0.000000000000000000	0	0	0.0	0.000000000000000000	0	2
TURN	LOW	LOW	1.000000000000000000	0.000000000000000000	0.000000000000000000	0.000000000000000000	0	0	0.0	0.000000000000000000	0	2
TURN	LOW	LOW	1.000000000000000000	0.000000000000000000	0.000000000000000000	0.000000000000000000	0	0	0.0	0.000000000000000000	0	2
TURN	LOW	LOW	1.000000000000000000	0.000000000000000000	0.000000000000000000	0.000000000000000000	0	0	0.0	0.000000000000000000	0	2
TURN	LOW	LOW	1.000000000000000000	0.000000000000000000	0.000000000000000000	0.000000000000000000	0	0	0.0	0.000000000000000000	0	2
TURN	LOW	LOW	1.000000000000000000	0.000000000000000000	0.000000000000000000	0.000000000000000000	0	0	0.0	0.000000000000000000	0	2
TURN	LOW	LOW	0.750000000000000000	0.000000000000000000	0.250000000000000000	0.000000000000000000	0.00743707	0	0.0	0.000000000000000000	0	2
TURN	LOW	LOW	1.000000000000000000	0.000000000000000000	0.000000000000000000	0.000000000000000000	0	0	0.0	0.000000000000000000	0	2
TURN	LOW	LOW	1.000000000000000000	0.000000000000000000	0.000000000000000000	0.000000000000000000	0	0	0.0	0.000000000000000000	0	2
TURN	LOW	LOW	1.000000000000000000	0.000000000000000000	0.000000000000000000	0.000000000000000000	0	0	0.0	0.000000000000000000	0	2
TURN	LOW	LOW	1.000000000000000000	0.000000000000000000	0.000000000000000000	0.000000000000000000	0	0	0.0	0.000000000000000000	0	2
TURN	LOW	LOW	0.916666686534881590	0.000000000000000000	0.083333335816860199	0.000000000000000000	0.00819672	0	0.0	0.000000000000000000	0	2
TURN	LOW	LOW	1.000000000000000000	0.000000000000000000	0.000000000000000000	0.000000000000000000	0	0	0.0	0.000000000000000000	0	2
TURN	LOW	LOW	1.000000000000000000	0.000000000000000000	0.000000000000000000	0.000000000000000000	0	0	0.0	0.000000000000000000	0	2
TURN	LOW	LOW	1.000000000000000000	0.000000000000000000	0.000000000000000000	0.000000000000000000	0	0	0.0	0.000000000000000000	0	2
TURN	LOW	LOW	1.000000000000000000	0.000000000000000000	0.000000000000000000	0.000000000000000000	0	0	0.0	0.000000000000000000	0	2
TURN	LOW	LOW	0.833333313465118410	0.166666671633720400	0.000000000000000000	0.000000000000000000	0	0	0.0	0.000000000000000000	0	2
TURN	LOW	LOW	1.000000000000000000	0.000000000000000000	0.000000000000000000	0.000000000000000000	0	0	0.0	0.000000000000000000	0	2
TURN	LOW	LOW	1.000000000000000000	0.000000000000000000	0.000000000000000000	0.000000000000000000	0	0	0.0	0.000000000000000000	0	2
TURN	LOW	LOW	0.000000000000000000	0.000000000000000000	1.000000000000000000	0.000000000000000000	0.0464568	0	0.0	0.000000000000000000	0	5
TURN	LOW	LOW	1.000000000000000000	0.000000000000000000	0.000000000000000000	0.000000000000000000	0	0	0.0	0.000000000000000000	0	2
TURN	LOW	LOW	1.000000000000000000	0.000000000000000000	0.000000000000000000	0.000000000000000000	0	0	0.0	0.000000000000000000	0	2
TURN	LOW	LOW	1.000000000000000000	0.000000000000000000	0.000000000000000000	0.000000000000000000	0	0	0.0	0.000000000000000000	0	2
TURN	LOW	LOW	1.000000000000000000	0.000000000000000000	0.000000000000000000	0.000000000000000000	0	0	0.0	0.000000000000000000	0	2
TURN	LOW	LOW	0.750000000000000000	0.250000000000000000	0.000000000000000000	0.000000000000000000	0	0	0.0	0.000000000000000000	0	2
TURN	LOW	LOW	1.000000000000000000	0.000000000000000000	0.000000000000000000	0.000000000000000000	0	0	0.0	0.000000000000000000	0	2
TURN	LOW	LOW	0.500000000000000000	0.250000000000000000	0.250000000000000000	0.000000000000000000	0.00874622	0.00109595	0.0	0.000000000000000000	0	5
TURN	LOW	LOW	1.000000000000000000	0.000000000000000000	0.000000000000000000	0.000000000000000000	0	0	0.0	0.000000000000000000	0	2
TURN	LOW	LOW	0.500000000000000000	0.000000000000000000	0.500000000000000000	0.000000000000000000	0.000738552	0	0.0	0.000000000000000000	0	5
TURN	LOW	LOW	0.000000000000000000	1.000000000000000000	0.000000000000000000	0.000000000000000000	0.000719424	0	0.0	0.000000000000000000	0	4
TURN	LOW	LOW	0.000000000000000000	1.000000000000000000	0.000000000000000000	0.000000000000000000	0.00747863	0	0.0	0.000000000000000000	0	4
TURN	LOW	LOW	0.500000000000000000	0.000000000000000000	0.000000000000000000	0.000000000000000000	0	0	0.0	0.500000000000000000	0.0179613	1
TURN	LOW	LOW	1.000000000000000000	0.000000000000000000	0.000000000000000000	0.000000000000000000	0	0	0.0	0.000000000000000000	0	2
TURN	LOW	LOW	1.000000000000000000	0.000000000000000000	0.000000000000000000	0.000000000000000000	0	0	0.0	0.000000000000000000	0	2
TURN	LOW	LOW	1.000000000000000000	0.000000000000000000	0.000000000000000000	0.000000000000000000	0	0	0.0	0.000000000000000000	0	2
TURN	LOW	LOW	1.000000000000000000	0.000000000000000000	0.000000000000000000	0.000000000000000000	0	0	0.0	0.000000000000000000	0	2
TURN	LOW	LOW	0.666666686534881590	0.166666671633720400	0.166666671633720400	0.000000000000000000	0.00199952	0.000922321	0.0	0.000000000000000000	0	2
TURN	LOW	LOW	0.000000000000000000	0.000000000000000000	0.000000000000000000	0.000000000000000000	0	0	0.0	1.000000000000000000	0.018348	1
TURN	LOW	LOW	1.000000000000000000	0.000000000000000000	0.000000000000000000	0.000000000000000000	0	0	0.0	0.000000000000000000	0	2
TURN	LOW	LOW	1.000000000000000000	0.000000000000000000	0.000000000000000000	0.000000000000000000	0	0	0.0	0.000000000000000000	0	2
TURN	LOW	LOW	1.000000000000000000	0.000000000000000000	0.000000000000000000	0.000000000000000000	0	0	0.0	0.000000000000000000	0	2
TURN	LOW	LOW	1.000000000000000000	0.000000000000000000	0.000000000000000000	0.000000000000000000	0	0	0.0	0.000000000000000000	0	2
TURN	LOW	LOW	0.500000000000000000	0.000000000000000000	0.000000000000000000	0.000000000000000000	0	0	0.0	0.500000000000000000	0.00994	1
TURN	LOW	LOW	1.000000000000000000	0.000000000000000000	0.000000000000000000	0.000000000000000000	0	0	0.0	0.000000000000000000	0	2
TURN	LOW	LOW	1.000000000000000000	0.000000000000000000	0.000000000000000000	0.000000000000000000	0	0	0.0	0.000000000000000000	0	2
TURN	LOW	LOW	1.000000000000000000	0.000000000000000000	0.000000000000000000	0.000000000000000000	0	0	0.0	0.000000000000000000	0	2
TURN	LOW	LOW	0.000000000000000000	0.000000000000000000	0.000000000000000000	0.000000000000000000	0	0	0.0	1.000000000000000000	0.00107836	1
TURN	LOW	LOW	1.000000000000000000	0.000000000000000000	0.000000000000000000	0.000000000000000000	0	0	0.0	0.000000000000000000	0	2
TURN	LOW	LOW	0.666666686534881590	0.000000000000000000	0.333333343267440800	0.000000000000000000	0.0487202	0	0.0	0.000000000000000000	0	5
TURN	LOW	LOW	1.000000000000000000	0.000000000000000000	0.000000000000000000	0.000000000000000000	0	0	0.0	0.000000000000000000	0	2
TURN	LOW	LOW	0.833333313465118410	0.000000000000000000	0.166666671633720400	0.000000000000000000	0.000737463	0	0.0	0.000000000000000000	0	2
TURN	LOW	LOW	1.000000000000000000	0.000000000000000000	0.000000000000000000	0.000000000000000000	0	0	0.0	0.000000000000000000	0	2
TURN	LOW	LOW	0.000000000000000000	0.000000000000000000	0.000000000000000000	0.000000000000000000	0	0	0.0	1.000000000000000000	0.00769862	1
TURN	LOW	LOW	1.000000000000000000	0.000000000000000000	0.000000000000000000	0.000000000000000000	0	0	0.0	0.000000000000000000	0	2
TURN	LOW	LOW	1.000000000000000000	0.000000000000000000	0.000000000000000000	0.000000000000000000	0	0	0.0	0.000000000000000000	0	2
TURN	LOW	LOW	1.000000000000000000	0.000000000000000000	0.000000000000000000	0.000000000000000000	0	0	0.0	0.000000000000000000	0	2
TURN	LOW	LOW	1.000000000000000000	0.000000000000000000	0.000000000000000000	0.000000000000000000	0	0	0.0	0.000000000000000000	0	2
TURN	LOW	LOW	1.000000000000000000	0.000000000000000000	0.000000000000000000	0.000000000000000000	0	0	0.0	0.000000000000000000	0	2
TURN	LOW	LOW	1.000000000000000000	0.000000000000000000	0.000000000000000000	0.000000000000000000	0	0	0.0	0.000000000000000000	0	2
TURN	LOW	LOW	0.600000023841857910	0.400000005960464480	0.000000000000000000	0.000000000000000000	0.0166615	0.000676961	0.0	0.000000000000000000	0	4
